new-zealand|auckland|2024-01-01|72.26|12.17|22|166.83|90.58|5
new-zealand|bay-of-plenty|2024-01-01|59.58|8.87|34|144.46|88.84|8
new-zealand|canterbury|2024-01-01|77.98|9.4|40|189.53|102.06|5
new-zealand|gisborne|2024-01-01|0.0|0.0|0|57.88|44.31|16
new-zealand|hawke%27s-bay|2024-01-01|0.0|0.0|0|126.56|82.27|8
new-zealand|manawatu-wanganui|2024-01-01|50.8|9.72|38|126.42|86.59|8
new-zealand|marlborough|2024-01-01|0.0|0.0|0|95.1|73.2|10
new-zealand|nelson|2024-01-01|0.0|0.0|0|115.04|83.21|9
new-zealand|northland|2024-01-01|0.0|0.0|0|85.46|33.47|10
new-zealand|otago|2024-01-01|45.15|7.88|51|114.48|78.03|12
new-zealand|southland|2024-01-01|0.0|0.0|0|102.76|62.57|13
new-zealand|taranaki|2024-01-01|0.0|0.0|0|108.42|83.99|9
new-zealand|tasman|2024-01-01|0.0|0.0|0|62.77|29.89|18
new-zealand|waikato|2024-01-01|47.38|8.05|34|132.19|93.4|7
new-zealand|wellington|2024-01-01|84.67|14.23|35|217.14|98.37|7
new-zealand|west-coast|2024-01-01|0.0|0.0|0|37.32|19.48|12
new-zealand|auckland|2024-01-01|88.02|14.19|21|168.09|90.55|5
new-zealand|papakura|2024-01-01|0.0|0.0|0|200.85|95.81|5
new-zealand|pukekohe|2024-01-01|0.0|0.0|0|165.31|94.01|5
new-zealand|whangaparaoa|2024-01-01|0.0|0.0|0|218.94|101.48|5
new-zealand|papamoa|2024-01-01|0.0|0.0|0|211.92|97.51|7
new-zealand|rotorua|2024-01-01|0.0|0.0|0|110.07|77.96|11
new-zealand|tauranga|2024-01-01|0.0|0.0|0|178.34|96.36|7
new-zealand|christchurch|2024-01-01|115.94|12.54|39|211.46|106.97|4
new-zealand|rolleston|2024-01-01|0.0|0.0|0|245.28|107.7|4
new-zealand|swannanoa|2024-01-01|0.0|0.0|0|149.22|91.28|6
new-zealand|gisborne|2024-01-01|0.0|0.0|0|65.38|48.41|15
new-zealand|hastings|2024-01-01|0.0|0.0|0|162.45|90.16|9
new-zealand|havelock-north|2024-01-01|0.0|0.0|0|111.4|61.72|9
new-zealand|napier|2024-01-01|0.0|0.0|0|139.38|86.72|8
new-zealand|feilding|2024-01-01|0.0|0.0|0|138.64|86.34|7
new-zealand|palmerston-north|2024-01-01|0.0|0.0|0|148.05|92.12|7
new-zealand|whanganui|2024-01-01|0.0|0.0|0|158.28|104.32|9
new-zealand|blenheim|2024-01-01|0.0|0.0|0|138.29|93.28|9
new-zealand|nelson|2024-01-01|0.0|0.0|0|118.4|85.97|9
new-zealand|whangarei|2024-01-01|0.0|0.0|0|104.01|80.54|7
new-zealand|dunedin|2024-01-01|0.0|0.0|0|184.02|97.4|9
new-zealand|queenstown|2024-01-01|0.0|0.0|0|91.58|69.69|14
new-zealand|wanaka|2024-01-01|0.0|0.0|0|75.87|48.75|14
new-zealand|invercargill|2024-01-01|0.0|0.0|0|161.46|91.11|11
new-zealand|new-plymouth|2024-01-01|0.0|0.0|0|153.38|101.75|8
new-zealand|cambridge|2024-01-01|0.0|0.0|0|131.31|94.48|7
new-zealand|hamilton|2024-01-01|0.0|0.0|0|173.45|106.99|6
new-zealand|morrinsville|2024-01-01|0.0|0.0|0|169.74|98.97|7
new-zealand|tamahere|2024-01-01|0.0|0.0|0|110.35|94.61|6
new-zealand|taupo|2024-01-01|0.0|0.0|0|135.92|93.35|10
new-zealand|lower-hutt|2024-01-01|0.0|0.0|0|221.56|99.77|7
new-zealand|masterton|2024-01-01|0.0|0.0|0|131.43|82.15|15
new-zealand|paraparaumu|2024-01-01|0.0|0.0|0|216.61|97.9|8
new-zealand|porirua|2024-01-01|0.0|0.0|0|229.41|102.68|6
new-zealand|upper-hutt|2024-01-01|0.0|0.0|0|213.96|94.67|7
new-zealand|wellington|2024-01-01|123.56|20.03|32|222.15|99.34|7
nicaragua|carazo|2024-01-01|0.0|0.0|0|38.62|18.66|9
nicaragua|chinandega|2024-01-01|0.0|0.0|0|42.54|19.39|14
nicaragua|esteli|2024-01-01|0.0|0.0|0|25.52|16.59|10
nicaragua|granada|2024-01-01|0.0|0.0|0|42.23|17.86|9
nicaragua|leon|2024-01-01|0.0|0.0|0|31.01|17.31|13
nicaragua|managua|2024-01-01|15.8|10.36|22|52.83|20.16|10
nicaragua|masaya|2024-01-01|0.0|0.0|0|36.15|18.62|8
nicaragua|matagalpa|2024-01-01|0.0|0.0|0|37.49|20.57|8
nicaragua|rivas|2024-01-01|0.0|0.0|0|39.4|19.81|6
nicaragua|chinandega|2024-01-01|0.0|0.0|0|53.71|20.21|14
nicaragua|esteli|2024-01-01|0.0|0.0|0|34.45|17.84|10
nicaragua|granada|2024-01-01|0.0|0.0|0|42.66|17.34|9
nicaragua|leon|2024-01-01|0.0|0.0|0|40.38|15.83|13
nicaragua|ciudad-sandino|2024-01-01|0.0|0.0|0|67.63|19.58|10
nicaragua|managua|2024-01-01|16.8|11.32|21|49.22|19.25|10
nicaragua|tipitapa|2024-01-01|0.0|0.0|0|52.56|22.81|5
nicaragua|masaya|2024-01-01|0.0|0.0|0|42.71|18.91|10
nicaragua|matagalpa|2024-01-01|0.0|0.0|0|42.06|17.68|12
niger|niamey|2024-01-01|0.0|0.0|0|9.42|8.78|37
niger|niamey|2024-01-01|0.0|0.0|0|10.11|9.44|29
nigeria|federal-capital-territory|2024-01-01|47.7|16.13|29|14.08|10.59|19
nigeria|lagos|2024-01-01|43.36|12.99|20|21.44|11.9|24
nigeria|ogun-state|2024-01-01|21.6|10.56|23|14.34|13.81|16
nigeria|oyo|2024-01-01|0.0|0.0|0|17.98|16.18|19
nigeria|rivers|2024-01-01|19.4|10.13|33|15.96|12.66|25
nigeria|abuja|2024-01-01|56.43|16.97|28|14.35|10.96|19
nigeria|ikeja|2024-01-01|39.87|14.61|20|11.42|5.6|26
nigeria|lagos|2024-01-01|53.82|12.74|19|24.81|12.87|25
nigeria|lekki|2024-01-01|53.83|10.68|19|19.51|12.57|12
nigeria|ibadan|2024-01-01|0.0|0.0|0|17.73|15.74|19
nigeria|port-harcourt|2024-01-01|0.0|0.0|0|18.56|10.74|30
north-macedonia|gostivar|2024-01-01|0.0|0.0|0|34.92|9.95|12
north-macedonia|municipality-of-bitola|2024-01-01|65.87|27.88|22|38.28|8.83|11
north-macedonia|municipality-of-dolneni|2024-01-01|0.0|0.0|0|20.32|4.57|19
north-macedonia|municipality-of-gevgelija|2024-01-01|0.0|0.0|0|37.91|37.01|3
north-macedonia|municipality-of-ilinden|2024-01-01|0.0|0.0|0|40.26|15.37|9
north-macedonia|municipality-of-kavadarci|2024-01-01|0.0|0.0|0|36.48|33.07|6
north-macedonia|municipality-of-kichevo|2024-01-01|0.0|0.0|0|22.32|9.18|13
north-macedonia|municipality-of-kochani|2024-01-01|0.0|0.0|0|36.78|7.33|10
north-macedonia|municipality-of-kumanovo|2024-01-01|0.0|0.0|0|30.86|27.85|8
north-macedonia|municipality-of-lipkovo|2024-01-01|0.0|0.0|0|25.68|18.55|9
north-macedonia|municipality-of-makedonski-brod|2024-01-01|0.0|0.0|0|46.95|28.13|8
north-macedonia|municipality-of-negotino|2024-01-01|0.0|0.0|0|38.93|38.73|6
north-macedonia|municipality-of-ohrid|2024-01-01|0.0|0.0|0|28.66|25.34|12
north-macedonia|municipality-of-petrovets|2024-01-01|0.0|0.0|0|32.99|21.66|10
north-macedonia|municipality-of-prilep|2024-01-01|0.0|0.0|0|32.6|12.7|9
north-macedonia|municipality-of-shtip|2024-01-01|0.0|0.0|0|37.12|36.27|8
north-macedonia|municipality-of-sopishte|2024-01-01|0.0|0.0|0|56.81|50.86|7
north-macedonia|municipality-of-struga|2024-01-01|0.0|0.0|0|17.5|4.75|13
north-macedonia|municipality-of-veles|2024-01-01|0.0|0.0|0|40.48|14.61|9
north-macedonia|skopje|2024-01-01|134.45|33.13|17|47.35|27.2|8
north-macedonia|strumitsa|2024-01-01|0.0|0.0|0|36.72|18.04|7
north-macedonia|tetovo|2024-01-01|63.29|24.9|19|33.02|31.06|10
north-macedonia|bitola|2024-01-01|79.99|30.68|21|38.45|8.89|11
north-macedonia|gevgelija|2024-01-01|0.0|0.0|0|38.28|37.77|3
north-macedonia|kichevo|2024-01-01|0.0|0.0|0|21.56|8.23|11
north-macedonia|ohrid|2024-01-01|0.0|0.0|0|29.7|29.56|12
north-macedonia|prilep|2024-01-01|0.0|0.0|0|32.58|9.95|9
north-macedonia|shtip|2024-01-01|0.0|0.0|0|39.51|45.06|7
north-macedonia|veles|2024-01-01|0.0|0.0|0|42.95|11.91|8
north-macedonia|skopje|2024-01-01|164.23|35.84|16|48.3|27.76|8
north-macedonia|strumica|2024-01-01|0.0|0.0|0|36.72|19.1|6
north-macedonia|tetovo|2024-01-01|62.17|29.33|18|33.48|34.63|10
norway|agder|2024-01-01|147.55|23.28|25|137.38|111.89|9
norway|innlandet|2024-01-01|141.28|19.63|21|120.71|101.78|6
norway|more-og-romsdal|2024-01-01|136.63|21.76|33|157.51|147.02|3
norway|nordland|2024-01-01|135.1|20.34|38|133.23|109.89|7
norway|oslo|2024-01-01|239.24|32.95|16|128.61|90.43|6
norway|rogaland|2024-01-01|155.73|23.78|27|145.69|131.61|5
norway|troms-og-finnmark|2024-01-01|158.38|22.95|42|157.04|128.99|7
norway|trondelag|2024-01-01|145.26|22.51|27|146.1|107.42|5
norway|vestfold-og-telemark|2024-01-01|154.76|23.99|21|144.33|107.9|6
norway|vestland|2024-01-01|139.71|19.57|27|124.98|104.96|8
norway|viken|2024-01-01|138.42|21.58|19|149.65|102.36|5
norway|arendal|2024-01-01|0.0|0.0|0|150.55|154.28|9
norway|grimstad|2024-01-01|0.0|0.0|0|199.0|150.65|9
norway|kristiansand|2024-01-01|0.0|0.0|0|115.43|92.64|9
norway|gjovik|2024-01-01|0.0|0.0|0|104.58|49.45|8
norway|hamar|2024-01-01|0.0|0.0|0|154.58|50.75|6
norway|kongsvinger|2024-01-01|0.0|0.0|0|150.72|35.76|9
norway|lillehammer|2024-01-01|0.0|0.0|0|128.96|86.5|7
norway|alesund|2024-01-01|0.0|0.0|0|173.8|159.55|3
norway|kristiansund|2024-01-01|0.0|0.0|0|105.83|108.13|3
norway|molde|2024-01-01|0.0|0.0|0|160.43|108.21|5
norway|bodo|2024-01-01|0.0|0.0|0|183.08|132.41|5
norway|mo-i-rana|2024-01-01|0.0|0.0|0|182.93|117.91|7
norway|mosjoen|2024-01-01|0.0|0.0|0|197.61|129.59|10
norway|narvik|2024-01-01|0.0|0.0|0|189.64|93.21|7
norway|oslo|2024-01-01|242.04|33.4|15|126.92|87.98|6
norway|haugesund|2024-01-01|0.0|0.0|0|131.15|94.17|7
norway|sandnes|2024-01-01|0.0|0.0|0|148.14|131.04|4
norway|stavanger|2024-01-01|188.77|24.88|25|143.74|107.87|4
norway|alta|2024-01-01|0.0|0.0|0|149.74|134.86|3
norway|hammerfest|2024-01-01|0.0|0.0|0|241.72|239.3|3
norway|harstad|2024-01-01|0.0|0.0|0|233.14|164.63|7
norway|tromso|2024-01-01|250.77|29.5|37|202.41|103.83|7
norway|stjordal|2024-01-01|0.0|0.0|0|181.28|131.58|4
norway|trondheim|2024-01-01|254.1|34.16|22|105.67|50.37|8
norway|horten|2024-01-01|0.0|0.0|0|148.21|93.29|8
norway|larvik|2024-01-01|0.0|0.0|0|182.78|103.37|7
norway|porsgrunn|2024-01-01|0.0|0.0|0|186.5|125.1|6
norway|sandefjord|2024-01-01|0.0|0.0|0|172.48|149.23|6
norway|skien|2024-01-01|0.0|0.0|0|156.82|75.9|7
norway|tonsberg|2024-01-01|0.0|0.0|0|140.27|108.93|6
norway|bergen|2024-01-01|194.91|23.25|24|131.17|101.78|9
norway|asker|2024-01-01|0.0|0.0|0|160.12|94.22|7
norway|askim|2024-01-01|0.0|0.0|0|159.43|112.22|6
norway|bekkestua|2024-01-01|0.0|0.0|0|167.9|30.86|9
norway|drammen|2024-01-01|0.0|0.0|0|180.2|105.16|5
norway|drobak|2024-01-01|0.0|0.0|0|165.83|96.08|5
norway|fornebu|2024-01-01|0.0|0.0|0|136.23|104.12|4
norway|fredrikstad|2024-01-01|0.0|0.0|0|118.85|69.76|6
norway|halden|2024-01-01|0.0|0.0|0|149.81|78.16|6
norway|jessheim|2024-01-01|0.0|0.0|0|153.62|113.89|5
norway|kongsberg|2024-01-01|0.0|0.0|0|147.58|149.28|4
norway|langhus|2024-01-01|0.0|0.0|0|181.95|110.26|5
norway|lillestrom|2024-01-01|0.0|0.0|0|132.81|70.92|7
norway|moss|2024-01-01|0.0|0.0|0|175.38|126.79|6
norway|sandvika|2024-01-01|0.0|0.0|0|154.19|51.81|7
norway|sarpsborg|2024-01-01|0.0|0.0|0|192.91|74.45|6
norway|ski|2024-01-01|0.0|0.0|0|168.62|102.31|6
norway|stabekk|2024-01-01|0.0|0.0|0|162.52|59.1|5
oman|ad-dakhiliyah-governorate|2024-01-01|49.95|10.44|28|45.8|28.3|18
oman|ad-dhahirah-governorate|2024-01-01|45.89|13.14|31|44.93|30.07|24
oman|al-batinah-north-governorate|2024-01-01|73.55|11.94|23|51.04|22.66|19
oman|al-batinah-south-governorate|2024-01-01|69.54|10.68|23|65.91|28.65|12
oman|al-buraymi-governorate|2024-01-01|0.0|0.0|0|89.26|39.78|10
oman|al-wusta-governorate|2024-01-01|0.0|0.0|0|33.41|22.87|28
oman|ash-sharqiyah-north-governorate|2024-01-01|49.69|10.09|27|32.93|26.02|23
oman|ash-sharqiyah-south-governorate|2024-01-01|0.0|0.0|0|48.73|33.67|14
oman|dhofar-governorate|2024-01-01|91.46|16.9|34|54.2|32.26|22
oman|musandam-governorate|2024-01-01|0.0|0.0|0|54.15|19.03|16
oman|muscat-governorate|2024-01-01|92.04|18.11|18|66.79|32.8|8
oman|nizwa|2024-01-01|0.0|0.0|0|39.92|31.68|18
oman|samail|2024-01-01|0.0|0.0|0|30.98|19.3|24
oman|ibri|2024-01-01|0.0|0.0|0|74.06|38.04|12
oman|barka|2024-01-01|0.0|0.0|0|69.59|36.07|14
oman|saham|2024-01-01|0.0|0.0|0|66.63|30.02|10
oman|sohar|2024-01-01|82.68|12.96|23|59.42|29.58|13
oman|al-mudayq|2024-01-01|0.0|0.0|0|63.26|24.38|15
oman|al-suwayq|2024-01-01|0.0|0.0|0|57.57|27.84|12
oman|rustaq|2024-01-01|0.0|0.0|0|48.53|22.02|19
oman|al-buraimi|2024-01-01|0.0|0.0|0|76.76|37.32|11
oman|ibra|2024-01-01|0.0|0.0|0|51.61|30.34|16
oman|sur|2024-01-01|0.0|0.0|0|71.84|37.68|11
oman|salalah|2024-01-01|126.51|23.05|33|61.39|35.67|21
oman|al-amarat|2024-01-01|0.0|0.0|0|85.46|37.05|6
oman|muscat|2024-01-01|96.57|22.74|17|60.95|30.48|10
oman|seeb|2024-01-01|97.25|15.18|18|82.49|37.72|5
pakistan|azad-jammu-and-kashmir|2024-01-01|0.0|0.0|0|9.31|4.2|6
pakistan|balochistan|2024-01-01|13.88|9.08|39|12.06|9.83|8
pakistan|federally-administered-tribal-areas|2024-01-01|0.0|0.0|0|5.78|0.93|37
pakistan|islamabad-capital-territory|2024-01-01|14.48|7.84|20|18.61|19.81|4
pakistan|khyber-pakhtunkhwa|2024-01-01|12.56|7.5|31|11.72|12.42|7
pakistan|punjab|2024-01-01|18.38|7.99|28|12.06|11.4|6
pakistan|sindh|2024-01-01|18.51|10.45|22|17.7|17.63|4
pakistan|muzaffarabad|2024-01-01|0.0|0.0|0|9.22|4.29|6
pakistan|hub|2024-01-01|0.0|0.0|0|14.93|13.3|7
pakistan|quetta|2024-01-01|17.5|8.6|37|14.54|12.3|5
pakistan|islamabad|2024-01-01|14.85|7.82|20|18.74|19.87|4
pakistan|abbottabad|2024-01-01|14.17|9.28|20|18.06|19.58|3
pakistan|dera-ismail-khan|2024-01-01|0.0|0.0|0|11.27|7.89|19
pakistan|haripur|2024-01-01|0.0|0.0|0|16.63|19.92|5
pakistan|kohat|2024-01-01|0.0|0.0|0|7.02|3.91|24
pakistan|malakand|2024-01-01|0.0|0.0|0|9.47|8.85|17
pakistan|mansehra|2024-01-01|0.0|0.0|0|5.94|3.58|22
pakistan|mardan|2024-01-01|0.0|0.0|0|13.24|15.85|7
pakistan|mingora|2024-01-01|0.0|0.0|0|7.76|4.7|20
pakistan|nowshera|2024-01-01|0.0|0.0|0|11.95|11.64|10
pakistan|peshawar|2024-01-01|12.39|7.48|29|15.02|16.56|4
pakistan|takht-bhai|2024-01-01|0.0|0.0|0|6.94|7.54|13
pakistan|ahmedpur-east|2024-01-01|0.0|0.0|0|17.06|18.66|7
pakistan|attock|2024-01-01|0.0|0.0|0|10.93|11.0|6
pakistan|bahawalnagar|2024-01-01|20.05|9.73|35|8.46|7.4|23
pakistan|bahawalpur|2024-01-01|23.1|9.11|32|15.03|15.59|27
pakistan|bhakkar|2024-01-01|0.0|0.0|0|5.62|7.21|18
pakistan|bhalwal|2024-01-01|0.0|0.0|0|5.16|4.55|13
pakistan|budhla-sant|2024-01-01|10.77|21.71|29|8.69|8.21|10
pakistan|burewala|2024-01-01|0.0|0.0|0|8.8|7.83|19
pakistan|chakwal|2024-01-01|0.0|0.0|0|10.4|10.2|6
pakistan|chenab-nagar|2024-01-01|0.0|0.0|0|6.32|4.71|21
pakistan|chichawatni|2024-01-01|0.0|0.0|0|8.72|7.54|37
pakistan|chiniot|2024-01-01|0.0|0.0|0|6.58|5.82|22
pakistan|chishtian-sharif|2024-01-01|0.0|0.0|0|7.07|12.96|17
pakistan|chung|2024-01-01|0.0|0.0|0|9.48|9.53|4
pakistan|daska|2024-01-01|0.0|0.0|0|11.72|9.98|8
pakistan|dera-ghazi-khan|2024-01-01|0.0|0.0|0|10.08|7.85|25
pakistan|faisalabad|2024-01-01|22.25|7.78|26|11.63|10.88|4
pakistan|farooqabad|2024-01-01|0.0|0.0|0|6.54|4.77|11
pakistan|ferozewala|2024-01-01|0.0|0.0|0|8.52|6.99|5
pakistan|gojra|2024-01-01|0.0|0.0|0|5.81|5.42|11
pakistan|gujranwala|2024-01-01|17.07|7.1|28|14.15|11.53|6
pakistan|gujrat|2024-01-01|17.1|7.22|34|6.84|7.55|14
pakistan|hafizabad|2024-01-01|0.0|0.0|0|9.81|9.55|8
pakistan|hasilpur|2024-01-01|0.0|0.0|0|8.76|10.34|17
pakistan|hassan-abdal|2024-01-01|0.0|0.0|0|4.06|4.57|7
pakistan|jaranwala|2024-01-01|0.0|0.0|0|7.79|8.53|12
pakistan|jauharabad|2024-01-01|0.0|0.0|0|4.99|1.35|30
pakistan|jhang-sadar|2024-01-01|0.0|0.0|0|7.45|6.11|19
pakistan|jhelum|2024-01-01|0.0|0.0|0|9.97|8.32|5
pakistan|kahna|2024-01-01|0.0|0.0|0|10.09|11.14|4
pakistan|kamoki|2024-01-01|0.0|0.0|0|7.64|6.13|11
pakistan|kasur|2024-01-01|0.0|0.0|0|7.49|8.26|7
pakistan|khanewal|2024-01-01|0.0|0.0|0|8.66|9.16|15
pakistan|khanpur|2024-01-01|0.0|0.0|0|9.22|8.6|20
pakistan|khanpur-qazian|2024-01-01|0.0|0.0|0|8.42|8.26|22
pakistan|khanuwal|2024-01-01|0.0|0.0|0|7.82|8.27|35
pakistan|kot-abdul-malik|2024-01-01|0.0|0.0|0|9.52|7.86|7
pakistan|kot-addu|2024-01-01|0.0|0.0|0|8.7|6.07|15
pakistan|kunjah|2024-01-01|0.0|0.0|0|5.74|5.29|20
pakistan|lahore|2024-01-01|20.35|7.8|24|14.63|13.59|5
pakistan|lalamusa|2024-01-01|0.0|0.0|0|4.35|3.92|21
pakistan|layyah|2024-01-01|0.0|0.0|0|7.38|6.76|26
pakistan|madharian-wala-kalar|2024-01-01|0.0|0.0|0|9.41|9.61|8
pakistan|mailsi|2024-01-01|0.0|0.0|0|6.0|7.84|21
pakistan|manawala|2024-01-01|0.0|0.0|0|17.14|18.95|3
pakistan|mandi-bahauddin|2024-01-01|0.0|0.0|0|6.74|4.98|25
pakistan|mian-channu|2024-01-01|0.0|0.0|0|5.98|7.0|19
pakistan|mianwali|2024-01-01|0.0|0.0|0|8.43|8.0|18
pakistan|multan|2024-01-01|18.53|8.25|32|12.15|11.34|5
pakistan|muridke|2024-01-01|0.0|0.0|0|9.71|9.58|5
pakistan|nankana-sahib|2024-01-01|0.0|0.0|0|6.83|3.79|19
pakistan|new-mirpur-city|2024-01-01|0.0|0.0|0|9.57|4.38|6
pakistan|okara|2024-01-01|16.46|8.35|33|10.24|9.68|12
pakistan|pattoki|2024-01-01|0.0|0.0|0|9.69|21.17|6
pakistan|pattoki-purana|2024-01-01|0.0|0.0|0|8.53|13.5|11
pakistan|pir-mahal|2024-01-01|0.0|0.0|0|6.93|6.61|13
pakistan|pakpattan|2024-01-01|0.0|0.0|0|8.53|6.97|23
pakistan|rahim-yar-khan|2024-01-01|20.68|8.46|41|13.51|12.28|13
pakistan|rahwali|2024-01-01|0.0|0.0|0|9.5|7.85|12
pakistan|rahwali-cantonments|2024-01-01|0.0|0.0|0|9.74|6.29|12
pakistan|raiwind|2024-01-01|0.0|0.0|0|10.18|10.24|5
pakistan|rawalpindi|2024-01-01|14.2|6.58|21|16.49|17.35|4
pakistan|sadiqabad|2024-01-01|0.0|0.0|0|9.69|11.82|21
pakistan|sahiwal|2024-01-01|20.69|8.35|35|15.36|15.47|9
pakistan|sambrial|2024-01-01|0.0|0.0|0|7.68|5.14|21
pakistan|sangla-hill|2024-01-01|0.0|0.0|0|5.92|5.39|16
pakistan|sargodha|2024-01-01|18.8|5.96|29|14.39|13.54|11
pakistan|satellite-town-jhelum|2024-01-01|0.0|0.0|0|11.57|12.35|8
pakistan|shahdara|2024-01-01|16.44|8.23|24|9.64|9.4|5
pakistan|sharaqpur|2024-01-01|0.0|0.0|0|7.73|6.44|7
pakistan|sheikhupura|2024-01-01|17.75|10.0|22|8.39|7.25|9
pakistan|sialkot|2024-01-01|15.17|6.11|31|13.39|9.81|11
pakistan|taxila|2024-01-01|0.0|0.0|0|11.72|11.72|6
pakistan|toba-tek-singh|2024-01-01|0.0|0.0|0|7.25|6.77|12
pakistan|ugoke|2024-01-01|0.0|0.0|0|8.67|7.49|15
pakistan|vehari|2024-01-01|0.0|0.0|0|9.45|8.56|17
pakistan|wah|2024-01-01|0.0|0.0|0|8.74|6.13|10
pakistan|wah-cantt|2024-01-01|12.94|9.07|20|12.58|13.32|5
pakistan|wazirabad|2024-01-01|0.0|0.0|0|6.63|5.58|15
pakistan|ghotki|2024-01-01|0.0|0.0|0|12.52|8.2|17
pakistan|hyderabad|2024-01-01|19.13|11.26|23|14.68|13.66|6
pakistan|jacobabad|2024-01-01|0.0|0.0|0|10.02|7.89|24
pakistan|jamshoro|2024-01-01|0.0|0.0|0|9.02|7.57|16
pakistan|kandhkot|2024-01-01|0.0|0.0|0|6.41|4.54|38
pakistan|karachi|2024-01-01|18.87|9.8|19|18.42|18.68|4
pakistan|khairpur|2024-01-01|0.0|0.0|0|6.83|4.3|22
pakistan|larkana|2024-01-01|0.0|0.0|0|12.16|9.99|15
pakistan|matli|2024-01-01|0.0|0.0|0|24.14|16.92|11
pakistan|mirpur-khas|2024-01-01|0.0|0.0|0|13.72|13.18|10
pakistan|nawabshah|2024-01-01|0.0|0.0|0|11.8|9.94|11
pakistan|pano-aqil|2024-01-01|0.0|0.0|0|7.72|1.27|30
pakistan|shah-faisal-town|2024-01-01|19.15|8.06|18|16.61|15.85|5
pakistan|shikarpur|2024-01-01|0.0|0.0|0|11.91|10.4|11
pakistan|shahdadpur|2024-01-01|0.0|0.0|0|9.86|9.0|7
pakistan|sukkur|2024-01-01|19.64|9.97|29|10.74|8.93|15
pakistan|tando-allahyar|2024-01-01|0.0|0.0|0|9.73|8.96|9
pakistan|tando-adam|2024-01-01|0.0|0.0|0|8.02|8.35|8
panama|bocas-del-toro|2024-01-01|0.0|0.0|0|94.31|14.98|20
panama|chiriqui|2024-01-01|23.73|9.68|27|142.29|14.86|16
panama|cocle|2024-01-01|0.0|0.0|0|151.21|92.55|8
panama|colon|2024-01-01|0.0|0.0|0|140.92|15.01|9
panama|herrera|2024-01-01|0.0|0.0|0|150.39|15.06|13
panama|los-santos|2024-01-01|0.0|0.0|0|102.44|14.95|14
panama|panama|2024-01-01|19.94|14.24|19|153.77|14.86|10
panama|veraguas|2024-01-01|0.0|0.0|0|129.81|14.26|14
panama|david|2024-01-01|0.0|0.0|0|151.81|14.2|16
panama|la-concepcion|2024-01-01|0.0|0.0|0|151.71|10.64|16
panama|los-algarrobos|2024-01-01|0.0|0.0|0|192.05|14.48|16
panama|san-carlos|2024-01-01|0.0|0.0|0|143.76|14.09|16
panama|san-pablo-viejo|2024-01-01|0.0|0.0|0|177.24|14.94|15
panama|rio-hato|2024-01-01|0.0|0.0|0|88.83|14.59|11
panama|cativa|2024-01-01|0.0|0.0|0|153.72|14.85|9
panama|colon|2024-01-01|0.0|0.0|0|120.3|14.91|10
panama|la-chorrera|2024-01-01|0.0|0.0|0|164.18|14.35|11
panama|nuevo-arraijan|2024-01-01|0.0|0.0|0|193.16|14.56|10
panama|panama-city|2024-01-01|21.43|16.59|18|150.1|14.86|10
panama|san-miguelito|2024-01-01|15.86|14.2|18|186.74|14.68|10
panama|vacamonte|2024-01-01|0.0|0.0|0|161.03|13.68|12
panama|vista-alegre|2024-01-01|0.0|0.0|0|152.65|13.62|10
panama|santiago|2024-01-01|0.0|0.0|0|141.85|10.62|14
papua-new-guinea|national-capital-district|2024-01-01|17.1|14.45|25|0.0|0.0|0
papua-new-guinea|port-moresby|2024-01-01|17.13|14.57|25|0.0|0.0|0
paraguay|alto-parana|2024-01-01|21.46|7.23|36|72.93|32.42|10
paraguay|amambay-department|2024-01-01|0.0|0.0|0|93.89|48.71|6
paraguay|boqueron|2024-01-01|0.0|0.0|0|12.96|12.8|12
paraguay|caaguazu|2024-01-01|0.0|0.0|0|46.12|27.48|11
paraguay|canindeyu|2024-01-01|0.0|0.0|0|87.21|86.43|7
paraguay|central|2024-01-01|20.93|8.11|28|97.13|28.05|9
paraguay|concepcion|2024-01-01|0.0|0.0|0|82.46|26.15|13
paraguay|cordillera|2024-01-01|0.0|0.0|0|70.18|26.38|11
paraguay|guaira|2024-01-01|0.0|0.0|0|57.36|23.92|9
paraguay|itapua|2024-01-01|0.0|0.0|0|60.43|29.66|12
paraguay|misiones|2024-01-01|0.0|0.0|0|82.18|27.28|11
paraguay|neembucu|2024-01-01|0.0|0.0|0|54.84|29.59|12
paraguay|paraguari|2024-01-01|0.0|0.0|0|50.81|25.29|11
paraguay|presidente-hayes-department|2024-01-01|0.0|0.0|0|45.86|22.78|15
paraguay|san-pedro|2024-01-01|0.0|0.0|0|23.42|18.06|18
paraguay|ciudad-del-este|2024-01-01|0.0|0.0|0|79.86|30.93|12
paraguay|hernandarias|2024-01-01|0.0|0.0|0|100.15|31.24|11
paraguay|presidente-franco|2024-01-01|0.0|0.0|0|76.87|26.91|14
paraguay|santa-rita|2024-01-01|0.0|0.0|0|36.67|30.98|13
paraguay|pedro-juan-caballero|2024-01-01|0.0|0.0|0|94.29|40.44|9
paraguay|loma-plata|2024-01-01|0.0|0.0|0|10.75|10.64|7
paraguay|caaguazu|2024-01-01|0.0|0.0|0|97.04|23.66|16
paraguay|coronel-oviedo|2024-01-01|0.0|0.0|0|86.51|27.35|7
paraguay|salto-del-guaira|2024-01-01|0.0|0.0|0|74.8|57.04|17
paraguay|capiata|2024-01-01|0.0|0.0|0|92.95|22.53|20
paraguay|fernando-de-la-mora|2024-01-01|0.0|0.0|0|105.45|26.38|12
paraguay|itaugua|2024-01-01|0.0|0.0|0|92.74|28.38|10
paraguay|lambare|2024-01-01|0.0|0.0|0|104.12|28.34|11
paraguay|limpio|2024-01-01|0.0|0.0|0|97.97|26.43|13
paraguay|luque|2024-01-01|0.0|0.0|0|104.66|28.96|4
paraguay|mariano-roque-alonso|2024-01-01|0.0|0.0|0|102.44|30.51|7
paraguay|nemby|2024-01-01|0.0|0.0|0|107.17|29.54|10
paraguay|san-antonio|2024-01-01|0.0|0.0|0|97.79|26.2|12
paraguay|san-lorenzo|2024-01-01|0.0|0.0|0|98.14|28.35|10
paraguay|villa-elisa|2024-01-01|0.0|0.0|0|98.15|30.02|10
paraguay|concepcion|2024-01-01|0.0|0.0|0|115.26|27.91|12
paraguay|caacupe|2024-01-01|0.0|0.0|0|78.61|30.88|12
paraguay|villarrica|2024-01-01|0.0|0.0|0|62.98|21.02|7
paraguay|encarnacion|2024-01-01|0.0|0.0|0|73.43|26.77|14
paraguay|pilar|2024-01-01|0.0|0.0|0|67.98|36.09|11
peru|amazonas|2024-01-01|0.0|0.0|0|74.32|45.39|19
peru|ancash|2024-01-01|16.03|10.28|27|69.94|47.12|10
peru|apurimac|2024-01-01|0.0|0.0|0|75.85|64.03|22
peru|arequipa|2024-01-01|15.56|13.1|27|97.26|53.12|14
peru|ayacucho|2024-01-01|13.79|10.41|29|89.88|53.01|12
peru|cajamarca|2024-01-01|14.45|10.12|33|81.55|52.42|13
peru|callao|2024-01-01|19.04|11.91|20|94.08|57.45|4
peru|cusco|2024-01-01|12.53|10.47|34|82.48|39.07|22
peru|huancavelica|2024-01-01|0.0|0.0|0|77.64|34.88|11
peru|huanuco|2024-01-01|0.0|0.0|0|107.96|54.56|12
peru|ica|2024-01-01|22.73|14.66|24|98.21|92.91|8
peru|junin|2024-01-01|15.68|11.24|26|57.77|47.59|10
peru|la-libertad|2024-01-01|18.42|12.27|22|139.87|76.94|8
peru|lambayeque|2024-01-01|20.7|12.6|24|96.9|55.52|10
peru|lima|2024-01-01|22.12|13.44|19|110.96|77.34|5
peru|loreto|2024-01-01|10.27|8.52|46|19.34|11.44|44
peru|madre-de-dios|2024-01-01|0.0|0.0|0|94.46|50.6|18
peru|moquegua|2024-01-01|0.0|0.0|0|94.58|53.18|16
peru|pasco|2024-01-01|0.0|0.0|0|51.38|52.48|10
peru|piura|2024-01-01|18.42|12.55|28|99.65|53.9|20
peru|puno|2024-01-01|13.44|12.4|33|92.05|80.77|21
peru|san-martin|2024-01-01|20.82|10.45|41|92.9|60.76|27
peru|tacna|2024-01-01|13.74|10.33|33|94.74|55.41|10
peru|tumbes|2024-01-01|0.0|0.0|0|94.48|69.88|15
peru|ucayali|2024-01-01|0.0|0.0|0|94.22|93.67|13
peru|chachapoyas|2024-01-01|0.0|0.0|0|86.52|47.1|20
peru|chimbote|2024-01-01|0.0|0.0|0|94.2|37.6|14
peru|huaraz|2024-01-01|0.0|0.0|0|67.86|63.62|10
peru|nuevo-chimbote-district|2024-01-01|0.0|0.0|0|90.03|42.07|10
peru|andahuaylas|2024-01-01|0.0|0.0|0|79.52|67.18|22
peru|alto-selva-alegre-district|2024-01-01|0.0|0.0|0|158.86|102.77|2
peru|arequipa|2024-01-01|19.95|13.58|26|100.0|52.96|11
peru|cayma-district|2024-01-01|0.0|0.0|0|59.49|36.74|8
peru|cerro-colorado-district|2024-01-01|0.0|0.0|0|106.67|33.43|19
peru|jacobo-hunter|2024-01-01|0.0|0.0|0|88.72|51.73|15
peru|jose-luis-bustamante-district|2024-01-01|0.0|0.0|0|135.94|58.83|14
peru|majes|2024-01-01|0.0|0.0|0|53.97|57.49|14
peru|mariano-melgar-district|2024-01-01|0.0|0.0|0|139.9|91.85|14
peru|miraflores-district|2024-01-01|0.0|0.0|0|176.94|89.36|14
peru|paucarpata|2024-01-01|0.0|0.0|0|64.43|86.07|14
peru|sachaca-district|2024-01-01|0.0|0.0|0|108.53|32.84|20
peru|socabaya-district|2024-01-01|0.0|0.0|0|105.0|52.54|14
peru|yanahuara-district|2024-01-01|0.0|0.0|0|109.24|32.76|20
peru|ayacucho|2024-01-01|0.0|0.0|0|91.88|53.3|11
peru|cajamarca|2024-01-01|0.0|0.0|0|89.33|48.69|13
peru|jaen|2024-01-01|0.0|0.0|0|47.87|52.67|20
peru|bellavista-district|2024-01-01|0.0|0.0|0|188.63|124.08|3
peru|callao|2024-01-01|19.02|11.58|19|94.48|68.98|4
peru|la-perla-district|2024-01-01|0.0|0.0|0|172.95|119.6|3
peru|ventanilla|2024-01-01|0.0|0.0|0|76.25|35.5|6
peru|cusco|2024-01-01|11.23|11.08|32|87.14|48.46|18
peru|huanuco|2024-01-01|0.0|0.0|0|114.24|54.55|12
peru|ica|2024-01-01|0.0|0.0|0|106.01|91.38|8
peru|pisco|2024-01-01|0.0|0.0|0|94.41|93.3|6
peru|huancayo|2024-01-01|0.0|0.0|0|94.18|46.47|12
peru|el-porvenir|2024-01-01|0.0|0.0|0|263.7|265.91|2
peru|la-esperanza|2024-01-01|0.0|0.0|0|204.16|131.98|4
peru|moche-district|2024-01-01|0.0|0.0|0|58.74|31.78|9
peru|trujillo|2024-01-01|19.97|12.86|21|129.74|55.37|8
peru|victor-larco-herrera-district|2024-01-01|0.0|0.0|0|160.87|102.83|10
peru|chiclayo|2024-01-01|22.5|14.16|23|110.26|58.36|9
peru|jose-leonardo-ortiz|2024-01-01|0.0|0.0|0|199.7|197.06|3
peru|ancon-district|2024-01-01|0.0|0.0|0|93.78|34.18|8
peru|ate|2024-01-01|16.76|10.65|20|102.94|34.22|7
peru|barranco-district|2024-01-01|0.0|0.0|0|191.67|139.05|4
peru|brena|2024-01-01|0.0|0.0|0|176.59|86.41|4
peru|carabayllo-district|2024-01-01|0.0|0.0|0|70.86|51.97|4
peru|chaclacayo|2024-01-01|0.0|0.0|0|77.18|29.74|9
peru|chancay-district|2024-01-01|0.0|0.0|0|119.8|109.45|5
peru|chorrillos|2024-01-01|19.09|11.52|19|180.97|150.74|4
peru|comas|2024-01-01|18.26|13.58|20|107.88|53.41|7
peru|el-agustino|2024-01-01|0.0|0.0|0|143.32|118.1|3
peru|huaral|2024-01-01|0.0|0.0|0|57.17|55.12|5
peru|independencia|2024-01-01|0.0|0.0|0|135.88|129.47|3
peru|jesus-maria|2024-01-01|0.0|0.0|0|167.98|53.21|6
peru|la-molina|2024-01-01|36.43|13.59|19|131.76|66.49|6
peru|la-victoria|2024-01-01|18.98|15.2|19|149.08|144.17|3
peru|lima|2024-01-01|16.79|14.31|19|151.65|94.75|5
peru|lince|2024-01-01|0.0|0.0|0|177.99|98.86|5
peru|los-olivos|2024-01-01|19.29|13.78|19|133.54|52.27|6
peru|lurigancho|2024-01-01|0.0|0.0|0|70.56|45.64|5
peru|lurin|2024-01-01|0.0|0.0|0|93.87|75.28|5
peru|magdalena-del-mar|2024-01-01|0.0|0.0|0|182.43|137.53|4
peru|miraflores|2024-01-01|36.37|14.0|18|126.75|46.73|7
peru|pachacamac-district|2024-01-01|0.0|0.0|0|74.7|49.95|4
peru|pueblo-libre|2024-01-01|0.0|0.0|0|144.81|119.54|4
peru|puente-piedra|2024-01-01|0.0|0.0|0|97.78|50.67|9
peru|punta-hermosa|2024-01-01|0.0|0.0|0|88.28|37.5|7
peru|rimac|2024-01-01|13.8|7.99|20|94.2|68.98|5
peru|san-antonio-district|2024-01-01|0.0|0.0|0|50.65|38.01|4
peru|san-borja|2024-01-01|34.59|15.44|19|146.67|109.18|3
peru|san-isidro|2024-01-01|42.69|17.13|18|154.38|107.98|4
peru|san-juan-de-lurigancho|2024-01-01|16.14|12.54|19|94.11|52.76|6
peru|san-juan-de-miraflores|2024-01-01|16.74|14.72|19|160.16|89.65|6
peru|san-luis-district|2024-01-01|0.0|0.0|0|154.96|145.94|3
peru|san-martin-de-porres|2024-01-01|14.74|13.43|20|145.59|94.37|4
peru|san-miguel|2024-01-01|22.62|13.92|19|147.14|52.74|7
peru|santa-anita|2024-01-01|0.0|0.0|0|138.18|61.77|4
peru|santiago-de-surco|2024-01-01|33.65|14.87|19|159.1|93.78|5
peru|surquillo|2024-01-01|0.0|0.0|0|185.56|140.68|4
peru|villa-el-salvador|2024-01-01|13.76|9.53|20|158.78|129.44|3
peru|villa-maria-del-triunfo|2024-01-01|0.0|0.0|0|104.66|52.31|8
peru|iquitos|2024-01-01|10.84|9.52|45|9.45|9.75|51
peru|puerto-maldonado|2024-01-01|0.0|0.0|0|96.15|51.35|17
peru|ilo-district|2024-01-01|0.0|0.0|0|98.28|82.58|17
peru|moquegua|2024-01-01|0.0|0.0|0|96.93|80.22|17
peru|piura|2024-01-01|18.31|13.33|27|105.02|53.43|19
peru|sullana|2024-01-01|0.0|0.0|0|68.33|50.57|12
peru|talara|2024-01-01|0.0|0.0|0|93.62|88.09|28
peru|juliaca|2024-01-01|11.57|12.02|32|67.47|54.39|20
peru|puno|2024-01-01|0.0|0.0|0|76.08|50.82|22
peru|tarapoto|2024-01-01|0.0|0.0|0|106.88|83.05|22
peru|tacna|2024-01-01|13.0|10.52|32|95.55|54.72|9
peru|pucallpa|2024-01-01|0.0|0.0|0|94.35|94.0|13
philippines|autonomous-region-in-muslim-mindanao|2024-01-01|11.65|4.27|39|53.64|50.77|17
philippines|bicol|2024-01-01|22.38|5.49|27|75.52|54.36|13
philippines|cagayan-valley|2024-01-01|24.81|7.14|26|75.38|75.08|10
philippines|calabarzon|2024-01-01|28.2|5.95|21|94.38|94.29|5
philippines|caraga|2024-01-01|18.0|5.47|34|75.78|67.78|12
philippines|central-luzon|2024-01-01|27.44|6.47|23|93.03|93.76|6
philippines|central-visayas|2024-01-01|28.22|7.39|26|80.46|77.84|7
philippines|cordillera-administrative-region|2024-01-01|20.36|4.63|24|94.44|94.45|6
philippines|davao-region|2024-01-01|25.68|7.62|32|85.6|80.6|12
philippines|eastern-visayas|2024-01-01|19.15|5.88|33|35.52|34.42|16
philippines|ilocos-region|2024-01-01|26.45|6.42|23|90.03|86.11|7
philippines|metro-manila|2024-01-01|49.15|9.24|17|94.67|93.92|4
philippines|mimaropa|2024-01-01|21.22|6.25|30|57.26|52.03|16
philippines|northern-mindanao|2024-01-01|22.28|6.86|29|85.64|79.49|9
philippines|region-xii|2024-01-01|18.12|5.92|36|85.2|83.97|15
philippines|western-visayas|2024-01-01|21.53|5.93|33|84.89|80.06|12
philippines|zamboanga-peninsula|2024-01-01|18.64|5.53|36|50.7|49.67|14
philippines|cotabato-city|2024-01-01|16.84|4.43|39|45.43|83.11|19
philippines|jolo|2024-01-01|0.0|0.0|0|15.93|7.18|87
philippines|pagalungan|2024-01-01|0.0|0.0|0|75.44|87.35|13
philippines|baao|2024-01-01|0.0|0.0|0|77.15|80.11|7
philippines|bato|2024-01-01|0.0|0.0|0|94.02|44.3|13
philippines|buhi|2024-01-01|0.0|0.0|0|37.3|36.44|13
philippines|bula|2024-01-01|0.0|0.0|0|25.39|26.78|16
philippines|bulan|2024-01-01|0.0|0.0|0|46.22|46.12|22
philippines|calabanga|2024-01-01|0.0|0.0|0|48.46|47.8|12
philippines|camalig|2024-01-01|0.0|0.0|0|50.25|52.2|10
philippines|camaligan|2024-01-01|0.0|0.0|0|62.46|54.14|13
philippines|canaman|2024-01-01|0.0|0.0|0|48.27|44.36|13
philippines|city-of-iriga|2024-01-01|0.0|0.0|0|93.71|50.08|13
philippines|daet|2024-01-01|0.0|0.0|0|44.22|42.97|13
philippines|daraga|2024-01-01|23.24|5.3|29|89.62|88.44|7
philippines|goa|2024-01-01|0.0|0.0|0|46.66|53.82|14
philippines|guinobatan|2024-01-01|0.0|0.0|0|86.09|80.12|14
philippines|jose-panganiban|2024-01-01|0.0|0.0|0|44.6|45.51|7
philippines|labo|2024-01-01|0.0|0.0|0|33.39|30.63|13
philippines|legazpi-city|2024-01-01|24.38|5.01|30|87.47|86.44|5
philippines|libmanan|2024-01-01|0.0|0.0|0|59.31|59.77|11
philippines|ligao|2024-01-01|0.0|0.0|0|87.14|87.56|17
philippines|masbate-city|2024-01-01|0.0|0.0|0|68.63|59.06|21
philippines|milaor|2024-01-01|0.0|0.0|0|38.48|33.92|15
philippines|minalabac|2024-01-01|0.0|0.0|0|29.89|28.12|16
philippines|mobo|2024-01-01|0.0|0.0|0|89.33|92.26|6
philippines|nabua|2024-01-01|0.0|0.0|0|93.76|46.19|13
philippines|naga|2024-01-01|31.56|6.6|24|70.29|67.9|12
philippines|oas|2024-01-01|0.0|0.0|0|60.91|60.99|27
philippines|ocampo|2024-01-01|0.0|0.0|0|35.62|34.02|15
philippines|pili|2024-01-01|0.0|0.0|0|45.63|43.25|12
philippines|polangui|2024-01-01|0.0|0.0|0|59.76|56.49|21
philippines|sorsogon-city|2024-01-01|0.0|0.0|0|63.06|73.04|17
philippines|tabaco-city|2024-01-01|0.0|0.0|0|72.86|66.74|15
philippines|tigaon|2024-01-01|0.0|0.0|0|63.75|55.43|14
philippines|virac|2024-01-01|0.0|0.0|0|72.96|76.09|40
philippines|alicia|2024-01-01|0.0|0.0|0|77.2|75.68|9
philippines|aparri|2024-01-01|0.0|0.0|0|72.46|68.17|14
philippines|aritao|2024-01-01|0.0|0.0|0|94.35|94.57|8
philippines|aurora|2024-01-01|0.0|0.0|0|45.97|46.97|10
philippines|bambang|2024-01-01|0.0|0.0|0|82.7|86.64|8
philippines|bayombong|2024-01-01|0.0|0.0|0|93.08|93.61|7
philippines|benito-soliven|2024-01-01|0.0|0.0|0|40.96|37.85|12
philippines|cabagan|2024-01-01|0.0|0.0|0|36.4|39.3|12
philippines|cabatuan|2024-01-01|0.0|0.0|0|43.17|42.98|10
philippines|cauayan-city|2024-01-01|30.74|10.04|24|51.26|55.21|7
philippines|cordon|2024-01-01|0.0|0.0|0|44.09|44.42|12
philippines|diadi|2024-01-01|0.0|0.0|0|97.95|96.47|10
philippines|diffun|2024-01-01|0.0|0.0|0|30.87|31.2|10
philippines|echague|2024-01-01|0.0|0.0|0|41.69|41.34|12
philippines|iguig|2024-01-01|0.0|0.0|0|70.26|89.35|12
philippines|ilagan-city|2024-01-01|0.0|0.0|0|48.69|47.97|14
philippines|kayapa|2024-01-01|0.0|0.0|0|94.61|94.6|7
philippines|luna|2024-01-01|0.0|0.0|0|33.9|33.92|14
philippines|maddela|2024-01-01|0.0|0.0|0|34.57|31.22|12
philippines|mallig|2024-01-01|0.0|0.0|0|24.53|26.59|14
philippines|ramon|2024-01-01|0.0|0.0|0|37.51|37.04|11
philippines|roxas|2024-01-01|0.0|0.0|0|31.74|28.49|11
philippines|santa-fe|2024-01-01|0.0|0.0|0|108.56|97.02|7
philippines|santiago|2024-01-01|0.0|0.0|0|52.98|53.4|13
philippines|solano|2024-01-01|0.0|0.0|0|82.57|82.86|8
philippines|tuguegarao-city|2024-01-01|26.36|7.27|27|93.12|93.68|8
philippines|tumauini|2024-01-01|0.0|0.0|0|48.63|46.13|14
philippines|alaminos|2024-01-01|0.0|0.0|0|100.08|94.58|5
philippines|alfonso|2024-01-01|0.0|0.0|0|79.39|81.74|9
philippines|amadeo|2024-01-01|0.0|0.0|0|86.3|79.59|7
philippines|angono|2024-01-01|26.55|6.82|18|88.06|91.55|4
philippines|antipolo|2024-01-01|31.72|7.55|18|94.35|94.51|4
philippines|atimonan|2024-01-01|0.0|0.0|0|94.53|94.36|4
philippines|bacoor|2024-01-01|31.18|6.63|21|94.04|90.09|5
philippines|balayan|2024-01-01|0.0|0.0|0|100.13|110.86|7
philippines|balete|2024-01-01|0.0|0.0|0|79.22|24.73|10
philippines|batangas|2024-01-01|30.55|6.47|21|93.53|93.36|7
philippines|bauan|2024-01-01|0.0|0.0|0|86.79|88.76|6
philippines|bay|2024-01-01|0.0|0.0|0|106.33|94.71|5
philippines|binangonan|2024-01-01|32.58|10.1|17|91.48|91.95|4
philippines|binan|2024-01-01|26.83|5.11|22|84.68|82.69|6
philippines|cabuyao|2024-01-01|26.76|5.14|22|94.05|94.06|4
philippines|cainta|2024-01-01|37.89|6.75|17|94.88|94.64|4
philippines|calaca|2024-01-01|0.0|0.0|0|62.58|48.3|8
philippines|calamba|2024-01-01|24.4|4.77|22|99.15|94.63|5
philippines|calauag|2024-01-01|0.0|0.0|0|47.25|49.47|7
philippines|calauan|2024-01-01|0.0|0.0|0|80.1|60.21|7
philippines|candelaria|2024-01-01|0.0|0.0|0|98.67|95.01|4
philippines|cardona|2024-01-01|0.0|0.0|0|77.75|74.85|5
philippines|carmona|2024-01-01|23.15|3.73|24|119.16|116.55|5
philippines|cavite-city|2024-01-01|0.0|0.0|0|104.42|100.34|5
philippines|cuenca|2024-01-01|0.0|0.0|0|92.07|91.02|7
philippines|dasmarinas|2024-01-01|27.8|5.04|22|104.25|100.55|4
philippines|dolores|2024-01-01|0.0|0.0|0|156.81|140.1|3
philippines|general-mariano-alvarez|2024-01-01|0.0|0.0|0|107.99|100.52|5
philippines|general-nakar|2024-01-01|0.0|0.0|0|94.22|94.2|5
philippines|general-trias|2024-01-01|28.32|5.9|21|116.12|112.38|4
philippines|guinayangan|2024-01-01|0.0|0.0|0|60.7|54.75|11
philippines|gumaca|2024-01-01|0.0|0.0|0|63.31|78.04|11
philippines|ibaan|2024-01-01|0.0|0.0|0|82.28|73.54|5
philippines|imus|2024-01-01|29.82|6.65|21|118.01|113.02|4
philippines|indang|2024-01-01|0.0|0.0|0|83.35|81.69|6
philippines|infanta|2024-01-01|0.0|0.0|0|47.61|54.38|12
philippines|kawit|2024-01-01|23.33|6.98|21|88.96|88.31|6
philippines|lemery|2024-01-01|0.0|0.0|0|72.56|65.03|7
philippines|liliw|2024-01-01|0.0|0.0|0|133.51|124.79|5
philippines|lipa|2024-01-01|26.1|5.36|22|96.33|94.48|7
philippines|lobo|2024-01-01|0.0|0.0|0|95.42|94.63|5
philippines|lopez|2024-01-01|0.0|0.0|0|51.35|48.86|10
philippines|los-banos|2024-01-01|33.01|7.07|21|99.87|94.69|7
philippines|lucban|2024-01-01|0.0|0.0|0|64.73|61.01|6
philippines|lucena|2024-01-01|27.17|5.54|20|86.09|86.03|6
philippines|lumban|2024-01-01|0.0|0.0|0|48.68|52.52|8
philippines|mabini|2024-01-01|0.0|0.0|0|79.13|74.93|7
philippines|magdalena|2024-01-01|0.0|0.0|0|81.62|74.96|7
philippines|majayjay|2024-01-01|0.0|0.0|0|82.2|85.06|6
philippines|malvar|2024-01-01|0.0|0.0|0|90.44|89.34|9
philippines|maragondon|2024-01-01|0.0|0.0|0|75.66|84.34|5
philippines|mataas-na-kahoy|2024-01-01|0.0|0.0|0|85.25|70.28|7
philippines|mauban|2024-01-01|0.0|0.0|0|93.7|94.12|5
philippines|mendez|2024-01-01|0.0|0.0|0|99.51|96.84|6
philippines|morong|2024-01-01|0.0|0.0|0|66.58|62.72|6
philippines|nagcarlan|2024-01-01|0.0|0.0|0|74.9|70.66|6
philippines|naic|2024-01-01|0.0|0.0|0|67.6|58.41|6
philippines|nasugbu|2024-01-01|23.1|5.74|23|61.56|57.58|9
philippines|noveleta|2024-01-01|0.0|0.0|0|110.76|100.04|5
philippines|padre-garcia|2024-01-01|0.0|0.0|0|92.11|93.36|7
philippines|pagbilao|2024-01-01|0.0|0.0|0|114.46|117.21|5
philippines|pagsanjan|2024-01-01|0.0|0.0|0|44.94|54.63|9
philippines|pila|2024-01-01|0.0|0.0|0|63.1|59.47|6
philippines|pililla|2024-01-01|0.0|0.0|0|78.52|79.18|5
philippines|real|2024-01-01|0.0|0.0|0|90.26|91.19|10
philippines|rizal|2024-01-01|0.0|0.0|0|91.04|93.77|5
philippines|rodriguez|2024-01-01|28.76|7.03|18|95.55|95.24|4
philippines|rosario|2024-01-01|0.0|0.0|0|83.05|85.24|5
philippines|rosario|2024-01-01|0.0|0.0|0|83.05|85.24|5
philippines|san-antonio|2024-01-01|0.0|0.0|0|94.55|94.22|5
philippines|san-jose|2024-01-01|0.0|0.0|0|92.84|92.11|7
philippines|san-juan|2024-01-01|27.84|4.67|23|92.28|93.3|7
philippines|san-luis|2024-01-01|0.0|0.0|0|94.11|93.41|5
philippines|san-mateo|2024-01-01|36.68|8.1|18|93.9|94.41|4
philippines|san-pablo|2024-01-01|36.81|6.64|21|107.69|104.92|5
philippines|san-pascual|2024-01-01|0.0|0.0|0|49.6|45.92|7
philippines|san-pedro|2024-01-01|30.49|5.44|21|95.76|94.15|5
philippines|santa-cruz|2024-01-01|0.0|0.0|0|66.74|59.81|7
philippines|santa-rosa|2024-01-01|34.04|5.92|22|87.33|81.03|4
philippines|santo-tomas|2024-01-01|25.36|6.42|21|79.52|61.33|7
philippines|sariaya|2024-01-01|0.0|0.0|0|60.64|72.91|6
philippines|silang|2024-01-01|31.72|5.7|22|131.31|125.26|4
philippines|taal|2024-01-01|0.0|0.0|0|95.2|94.06|6
philippines|tagaytay|2024-01-01|24.46|4.53|23|89.17|87.94|6
philippines|talisay|2024-01-01|0.0|0.0|0|122.28|107.12|6
philippines|tanauan|2024-01-01|24.78|6.03|22|90.46|79.4|10
philippines|tanay|2024-01-01|25.96|6.33|19|51.84|52.22|6
philippines|tanza|2024-01-01|21.74|4.7|22|100.53|97.46|5
philippines|tayabas|2024-01-01|0.0|0.0|0|31.5|21.06|7
philippines|taysan|2024-01-01|0.0|0.0|0|94.29|94.39|6
philippines|taytay|2024-01-01|32.89|7.11|18|94.49|94.54|4
philippines|teresa|2024-01-01|0.0|0.0|0|92.53|93.96|4
philippines|tiaong|2024-01-01|0.0|0.0|0|91.16|93.16|6
philippines|trece-martires|2024-01-01|21.66|5.17|22|93.22|94.6|5
philippines|unisan|2024-01-01|0.0|0.0|0|93.99|94.14|8
philippines|victoria|2024-01-01|0.0|0.0|0|52.04|51.58|9
philippines|bayugan-city|2024-01-01|0.0|0.0|0|53.11|50.34|10
philippines|bislig|2024-01-01|0.0|0.0|0|48.58|51.95|14
philippines|butuan-city|2024-01-01|21.42|5.04|34|91.73|91.69|11
philippines|san-francisco|2024-01-01|0.0|0.0|0|51.97|57.3|10
philippines|surigao-city|2024-01-01|0.0|0.0|0|42.23|46.3|16
philippines|tandag|2024-01-01|0.0|0.0|0|63.7|47.8|11
philippines|abucay|2024-01-01|0.0|0.0|0|80.32|76.15|6
philippines|aliaga|2024-01-01|0.0|0.0|0|87.76|87.84|6
philippines|angat|2024-01-01|0.0|0.0|0|88.6|92.46|8
philippines|angeles|2024-01-01|30.39|6.48|23|87.34|90.73|4
philippines|apalit|2024-01-01|0.0|0.0|0|82.42|80.32|6
philippines|arayat|2024-01-01|0.0|0.0|0|91.22|94.18|8
philippines|bacolor|2024-01-01|0.0|0.0|0|88.96|91.28|7
philippines|bagac|2024-01-01|0.0|0.0|0|52.8|18.93|7
philippines|balagtas|2024-01-01|0.0|0.0|0|117.35|101.74|6
philippines|baler|2024-01-01|0.0|0.0|0|41.59|36.69|13
philippines|baliuag|2024-01-01|27.72|5.65|23|94.26|93.98|7
philippines|bamban|2024-01-01|0.0|0.0|0|94.51|94.51|4
philippines|bocaue|2024-01-01|19.1|4.95|24|94.63|94.72|7
philippines|bongabon|2024-01-01|0.0|0.0|0|38.28|22.65|10
philippines|bulacan|2024-01-01|22.18|5.8|22|118.37|100.38|5
philippines|bustos|2024-01-01|0.0|0.0|0|92.39|93.59|7
philippines|cabanatuan-city|2024-01-01|27.04|6.9|25|62.71|57.62|8
philippines|cabiao|2024-01-01|0.0|0.0|0|94.22|94.56|7
philippines|calumpit|2024-01-01|0.0|0.0|0|106.99|100.28|6
philippines|camiling|2024-01-01|0.0|0.0|0|67.52|72.23|9
philippines|candaba|2024-01-01|0.0|0.0|0|95.11|96.66|5
philippines|capas|2024-01-01|21.81|4.32|24|62.66|67.46|12
philippines|carranglan|2024-01-01|0.0|0.0|0|92.97|94.12|6
philippines|castillejos|2024-01-01|0.0|0.0|0|74.06|71.57|4
philippines|city-of-balanga|2024-01-01|30.89|5.88|25|94.74|92.43|6
philippines|concepcion|2024-01-01|0.0|0.0|0|94.56|94.74|4
philippines|cuyapo|2024-01-01|0.0|0.0|0|91.79|93.77|10
philippines|dinalupihan|2024-01-01|0.0|0.0|0|83.98|93.63|8
philippines|dona-remedios-trinidad|2024-01-01|0.0|0.0|0|94.04|93.42|9
philippines|floridablanca|2024-01-01|0.0|0.0|0|67.07|59.4|8
philippines|gapan-city|2024-01-01|0.0|0.0|0|93.95|94.12|6
philippines|general-mamerto-natividad|2024-01-01|0.0|0.0|0|53.92|60.98|11
philippines|general-tinio|2024-01-01|0.0|0.0|0|94.7|92.92|11
philippines|gerona|2024-01-01|0.0|0.0|0|82.81|84.94|10
philippines|guagua|2024-01-01|0.0|0.0|0|40.89|34.79|9
philippines|guiguinto|2024-01-01|29.74|7.46|21|94.69|94.65|6
philippines|guimba|2024-01-01|0.0|0.0|0|90.56|91.92|8
philippines|hagonoy|2024-01-01|0.0|0.0|0|92.07|93.7|7
philippines|hermosa|2024-01-01|0.0|0.0|0|84.97|87.86|6
philippines|iba|2024-01-01|0.0|0.0|0|62.52|64.0|7
philippines|jaen|2024-01-01|0.0|0.0|0|77.35|85.85|6
philippines|la-paz|2024-01-01|0.0|0.0|0|94.12|94.38|9
philippines|licab|2024-01-01|0.0|0.0|0|96.33|94.74|11
philippines|limay|2024-01-01|0.0|0.0|0|95.43|90.56|8
philippines|llanera|2024-01-01|0.0|0.0|0|92.43|94.49|5
philippines|lubao|2024-01-01|26.3|6.77|22|50.82|58.41|8
philippines|lupao|2024-01-01|0.0|0.0|0|78.32|79.14|6
philippines|mabalacat|2024-01-01|33.58|6.42|22|73.84|76.26|5
philippines|macabebe|2024-01-01|0.0|0.0|0|93.33|94.35|7
philippines|magalang|2024-01-01|0.0|0.0|0|99.24|97.5|4
philippines|malolos|2024-01-01|28.6|7.56|23|97.08|94.68|6
philippines|maria-aurora|2024-01-01|0.0|0.0|0|67.09|56.9|14
philippines|marilao|2024-01-01|24.94|4.94|24|89.55|91.23|8
philippines|mariveles|2024-01-01|0.0|0.0|0|55.77|55.98|9
philippines|masantol|2024-01-01|0.0|0.0|0|104.26|99.22|7
philippines|mexico|2024-01-01|25.19|6.03|23|76.21|77.21|7
philippines|meycauayan|2024-01-01|25.34|4.76|22|94.4|94.41|7
philippines|moncada|2024-01-01|0.0|0.0|0|91.72|92.64|10
philippines|morong|2024-01-01|0.0|0.0|0|43.45|41.44|8
philippines|municipality-of-minalin|2024-01-01|0.0|0.0|0|106.81|100.48|7
philippines|norzagaray|2024-01-01|0.0|0.0|0|100.12|95.61|6
philippines|obando|2024-01-01|31.16|6.05|20|130.85|115.43|5
philippines|olongapo|2024-01-01|25.27|6.21|23|88.73|75.44|6
philippines|orani|2024-01-01|0.0|0.0|0|74.13|71.17|6
philippines|orion|2024-01-01|0.0|0.0|0|109.59|106.05|7
philippines|palayan-city|2024-01-01|0.0|0.0|0|83.29|75.51|10
philippines|pandi|2024-01-01|21.22|5.36|25|94.64|94.59|7
philippines|paniqui|2024-01-01|0.0|0.0|0|75.86|76.87|10
philippines|pantabangan|2024-01-01|0.0|0.0|0|58.16|51.15|12
philippines|paombong|2024-01-01|0.0|0.0|0|99.53|95.96|6
philippines|penaranda|2024-01-01|0.0|0.0|0|94.4|94.39|10
philippines|pilar|2024-01-01|0.0|0.0|0|79.18|79.28|6
philippines|plaridel|2024-01-01|22.99|4.73|23|93.58|94.55|6
philippines|porac|2024-01-01|0.0|0.0|0|70.44|91.66|7
philippines|pulilan|2024-01-01|0.0|0.0|0|77.68|65.82|7
philippines|quezon|2024-01-01|0.0|0.0|0|92.95|93.97|6
philippines|rizal|2024-01-01|0.0|0.0|0|51.7|52.72|5
philippines|samal|2024-01-01|0.0|0.0|0|93.31|76.22|6
philippines|san-antonio|2024-01-01|0.0|0.0|0|78.52|75.69|9
philippines|san-antonio|2024-01-01|0.0|0.0|0|78.52|75.69|9
philippines|san-fernando|2024-01-01|32.39|6.74|23|81.26|81.81|7
philippines|san-ildefonso|2024-01-01|0.0|0.0|0|91.88|67.6|8
philippines|san-isidro|2024-01-01|0.0|0.0|0|94.43|94.56|7
philippines|san-jose-city|2024-01-01|26.45|7.14|22|70.96|64.2|7
philippines|san-jose-del-monte-city|2024-01-01|28.55|9.33|22|92.55|93.66|6
philippines|san-leonardo|2024-01-01|0.0|0.0|0|93.11|94.07|8
philippines|san-luis|2024-01-01|0.0|0.0|0|91.1|92.92|6
philippines|san-marcelino|2024-01-01|0.0|0.0|0|94.12|94.21|4
philippines|san-miguel|2024-01-01|24.14|6.46|23|94.16|93.92|8
philippines|san-narciso|2024-01-01|0.0|0.0|0|45.71|46.13|13
philippines|san-rafael|2024-01-01|0.0|0.0|0|85.2|81.82|8
philippines|san-simon|2024-01-01|0.0|0.0|0|83.91|80.35|7
philippines|santa-ana|2024-01-01|0.0|0.0|0|92.41|90.88|6
philippines|santa-ignacia|2024-01-01|0.0|0.0|0|55.35|48.9|8
philippines|santa-maria|2024-01-01|23.73|4.76|23|99.57|100.32|6
philippines|santa-rita|2024-01-01|23.1|6.48|23|46.2|39.82|9
philippines|santa-rosa|2024-01-01|0.0|0.0|0|53.34|54.08|7
philippines|santo-domingo|2024-01-01|0.0|0.0|0|92.46|93.54|6
philippines|santo-tomas|2024-01-01|0.0|0.0|0|94.35|94.56|6
philippines|sasmuan|2024-01-01|0.0|0.0|0|38.79|40.62|10
philippines|science-city-of-munoz|2024-01-01|0.0|0.0|0|31.68|20.99|7
philippines|subic|2024-01-01|0.0|0.0|0|94.33|94.24|4
philippines|subic-bay-freeport-zone|2024-01-01|33.62|6.12|23|82.42|81.29|5
philippines|talavera|2024-01-01|27.28|9.6|23|80.03|80.56|6
philippines|talugtug|2024-01-01|0.0|0.0|0|89.2|91.85|9
philippines|tarlac-city|2024-01-01|32.73|8.13|22|82.6|78.69|6
philippines|victoria|2024-01-01|0.0|0.0|0|70.9|69.46|11
philippines|zaragoza|2024-01-01|0.0|0.0|0|67.2|59.89|9
philippines|argao|2024-01-01|0.0|0.0|0|41.86|43.96|9
philippines|asturias|2024-01-01|0.0|0.0|0|93.1|94.07|6
philippines|bais-city|2024-01-01|0.0|0.0|0|53.09|49.65|11
philippines|balamban|2024-01-01|0.0|0.0|0|92.87|94.2|5
philippines|bantayan|2024-01-01|0.0|0.0|0|52.51|43.69|17
philippines|barili|2024-01-01|0.0|0.0|0|96.21|94.83|7
philippines|bayawan-city|2024-01-01|0.0|0.0|0|33.71|32.7|16
philippines|bogo-city|2024-01-01|0.0|0.0|0|38.32|41.92|9
philippines|borbon|2024-01-01|0.0|0.0|0|29.56|23.06|12
philippines|canlaon-city|2024-01-01|0.0|0.0|0|92.97|94.14|7
philippines|carcar-city|2024-01-01|16.53|6.14|30|92.16|93.96|7
philippines|carmen|2024-01-01|0.0|0.0|0|36.74|37.47|11
philippines|cebu-city|2024-01-01|37.19|8.57|24|81.9|79.15|7
philippines|city-of-naga|2024-01-01|0.0|0.0|0|63.35|61.44|6
philippines|compostela|2024-01-01|0.0|0.0|0|46.57|50.56|7
philippines|consolacion|2024-01-01|33.58|8.07|26|82.93|82.93|5
philippines|cordova|2024-01-01|0.0|0.0|0|94.14|93.78|5
philippines|danao-city|2024-01-01|24.09|6.19|28|30.25|32.49|7
philippines|dauin|2024-01-01|0.0|0.0|0|43.99|35.26|10
philippines|dauis|2024-01-01|0.0|0.0|0|90.04|80.48|14
philippines|dumaguete|2024-01-01|22.57|5.86|31|56.66|34.97|14
philippines|guihulngan-city|2024-01-01|0.0|0.0|0|83.09|89.52|8
philippines|jimalalud|2024-01-01|0.0|0.0|0|40.67|48.27|13
philippines|la-libertad|2024-01-01|0.0|0.0|0|26.34|29.18|13
philippines|lapu-lapu-city|2024-01-01|34.52|7.83|23|93.64|92.7|4
philippines|liloan|2024-01-01|24.56|6.93|26|86.28|90.83|4
philippines|mandaue-city|2024-01-01|33.9|7.95|23|80.62|59.18|4
philippines|medellin|2024-01-01|0.0|0.0|0|41.37|45.99|7
philippines|minglanilla|2024-01-01|22.6|7.84|27|59.79|55.99|7
philippines|moalboal|2024-01-01|0.0|0.0|0|51.36|42.84|9
philippines|panglao|2024-01-01|0.0|0.0|0|57.07|48.46|11
philippines|pinamungahan|2024-01-01|0.0|0.0|0|35.75|45.28|11
philippines|san-fernando|2024-01-01|0.0|0.0|0|82.49|85.06|4
philippines|san-francisco|2024-01-01|0.0|0.0|0|13.88|14.33|25
philippines|san-remigio|2024-01-01|0.0|0.0|0|34.73|29.54|9
philippines|sibonga|2024-01-01|0.0|0.0|0|102.45|94.76|8
philippines|sibulan|2024-01-01|0.0|0.0|0|58.01|51.42|13
philippines|tagbilaran-city|2024-01-01|21.18|6.64|33|78.43|73.54|12
philippines|talibon|2024-01-01|0.0|0.0|0|29.83|30.11|14
philippines|talisay-city|2024-01-01|31.71|7.61|24|91.17|91.97|9
philippines|tanjay-city|2024-01-01|0.0|0.0|0|37.9|42.93|17
philippines|toledo-city|2024-01-01|26.02|6.82|30|41.47|39.4|6
philippines|tuburan|2024-01-01|0.0|0.0|0|99.42|99.55|5
philippines|valencia|2024-01-01|0.0|0.0|0|62.58|55.14|11
philippines|vallehermoso|2024-01-01|0.0|0.0|0|98.44|94.63|7
philippines|atok|2024-01-01|0.0|0.0|0|122.68|115.14|5
philippines|baguio|2024-01-01|21.39|4.49|23|93.98|94.12|6
philippines|bakun|2024-01-01|0.0|0.0|0|100.79|94.69|6
philippines|bangued|2024-01-01|0.0|0.0|0|70.96|61.95|14
philippines|bokod|2024-01-01|0.0|0.0|0|109.1|97.26|6
philippines|itogon|2024-01-01|0.0|0.0|0|118.43|98.01|6
philippines|la-trinidad|2024-01-01|18.23|4.27|25|94.56|94.65|4
philippines|sablan|2024-01-01|0.0|0.0|0|120.1|98.17|5
philippines|san-mateo|2024-01-01|0.0|0.0|0|47.97|52.03|13
philippines|tabuk|2024-01-01|0.0|0.0|0|66.13|64.87|13
philippines|tuba|2024-01-01|0.0|0.0|0|94.68|94.43|7
philippines|tublay|2024-01-01|0.0|0.0|0|99.76|99.41|5
philippines|asuncion|2024-01-01|0.0|0.0|0|34.23|35.83|6
philippines|carmen|2024-01-01|0.0|0.0|0|44.55|48.74|13
philippines|davao-city|2024-01-01|33.93|8.92|29|90.07|85.84|12
philippines|digos-city|2024-01-01|22.27|5.87|36|58.6|60.39|14
philippines|hagonoy|2024-01-01|0.0|0.0|0|27.83|29.86|16
philippines|island-garden-city-of-samal|2024-01-01|0.0|0.0|0|24.15|21.89|10
philippines|mati|2024-01-01|0.0|0.0|0|47.86|51.19|19
philippines|nabunturan|2024-01-01|0.0|0.0|0|34.45|38.17|16
philippines|panabo|2024-01-01|18.68|6.04|38|52.35|53.25|7
philippines|pantukan|2024-01-01|0.0|0.0|0|17.3|19.8|21
philippines|santa-cruz|2024-01-01|0.0|0.0|0|94.54|96.85|3
philippines|santo-tomas|2024-01-01|0.0|0.0|0|43.62|46.57|11
philippines|tagum-city|2024-01-01|17.21|6.83|35|54.48|53.96|9
philippines|abuyog|2024-01-01|0.0|0.0|0|23.46|27.17|14
philippines|alangalang|2024-01-01|0.0|0.0|0|30.4|29.76|14
philippines|baybay-city|2024-01-01|0.0|0.0|0|36.02|39.98|9
philippines|borongan-city|2024-01-01|0.0|0.0|0|34.61|33.85|12
philippines|calbayog-city|2024-01-01|0.0|0.0|0|28.1|27.56|34
philippines|catarman|2024-01-01|0.0|0.0|0|64.75|51.6|21
philippines|catbalogan-city|2024-01-01|0.0|0.0|0|43.84|45.28|19
philippines|hilongos|2024-01-01|0.0|0.0|0|25.82|32.59|15
philippines|isabel|2024-01-01|0.0|0.0|0|28.54|27.39|11
philippines|maasin-city|2024-01-01|0.0|0.0|0|32.68|31.6|10
philippines|naval|2024-01-01|0.0|0.0|0|24.5|28.84|19
philippines|ormoc|2024-01-01|19.42|6.23|30|55.99|51.53|8
philippines|palo|2024-01-01|0.0|0.0|0|47.13|52.65|13
philippines|palompon|2024-01-01|0.0|0.0|0|25.97|24.58|11
philippines|sogod|2024-01-01|0.0|0.0|0|34.83|34.39|18
philippines|tacloban-city|2024-01-01|24.27|6.7|29|59.36|60.4|12
philippines|tanauan|2024-01-01|0.0|0.0|0|30.06|40.13|13
philippines|agoo|2024-01-01|0.0|0.0|0|84.56|86.07|4
philippines|alaminos|2024-01-01|0.0|0.0|0|71.36|57.43|7
philippines|aringay|2024-01-01|0.0|0.0|0|92.86|82.79|5
philippines|asingan|2024-01-01|0.0|0.0|0|57.53|73.73|10
philippines|bacnotan|2024-01-01|0.0|0.0|0|102.16|97.24|4
philippines|balungao|2024-01-01|0.0|0.0|0|95.4|94.64|8
philippines|batac|2024-01-01|0.0|0.0|0|80.27|81.76|9
philippines|bauang|2024-01-01|0.0|0.0|0|68.35|67.85|3
philippines|bayambang|2024-01-01|0.0|0.0|0|53.26|52.97|10
philippines|binalonan|2024-01-01|0.0|0.0|0|93.63|93.18|7
philippines|binmaley|2024-01-01|0.0|0.0|0|75.25|59.34|12
philippines|bolinao|2024-01-01|0.0|0.0|0|52.58|54.96|8
philippines|bugallon|2024-01-01|0.0|0.0|0|83.49|73.39|7
philippines|caba|2024-01-01|0.0|0.0|0|93.57|94.37|4
philippines|calasiao|2024-01-01|0.0|0.0|0|87.95|32.54|8
philippines|candon|2024-01-01|0.0|0.0|0|61.34|66.05|9
philippines|dagupan|2024-01-01|27.12|7.28|23|83.61|46.58|8
philippines|laoag-city|2024-01-01|31.42|7.71|26|78.74|84.8|11
philippines|lingayen|2024-01-01|0.0|0.0|0|83.02|61.98|11
philippines|malasiqui|2024-01-01|0.0|0.0|0|66.11|39.88|9
philippines|manaoag|2024-01-01|0.0|0.0|0|91.92|62.32|8
philippines|mangaldan|2024-01-01|0.0|0.0|0|82.01|51.71|8
philippines|mangatarem|2024-01-01|0.0|0.0|0|68.75|64.11|10
philippines|mapandan|2024-01-01|0.0|0.0|0|92.04|92.78|6
philippines|naguilian|2024-01-01|0.0|0.0|0|58.49|55.52|5
philippines|natividad|2024-01-01|0.0|0.0|0|116.83|97.33|7
philippines|pozorrubio|2024-01-01|0.0|0.0|0|93.88|94.16|9
philippines|rosales|2024-01-01|0.0|0.0|0|81.64|72.93|8
philippines|rosario|2024-01-01|0.0|0.0|0|90.81|81.29|5
philippines|san-carlos-city|2024-01-01|0.0|0.0|0|84.07|88.02|8
philippines|san-fabian|2024-01-01|0.0|0.0|0|88.72|82.42|7
philippines|san-fernando|2024-01-01|31.18|6.95|21|81.64|85.03|4
philippines|san-juan|2024-01-01|0.0|0.0|0|86.1|72.48|4
philippines|san-manuel|2024-01-01|0.0|0.0|0|94.57|94.61|5
philippines|san-nicolas|2024-01-01|0.0|0.0|0|78.38|63.82|8
philippines|san-nicolas|2024-01-01|0.0|0.0|0|78.38|63.82|8
philippines|san-quintin|2024-01-01|0.0|0.0|0|96.18|94.38|7
philippines|santa-barbara|2024-01-01|0.0|0.0|0|94.05|94.37|6
philippines|santa-maria|2024-01-01|0.0|0.0|0|113.21|101.54|8
philippines|sarrat|2024-01-01|0.0|0.0|0|94.34|94.84|13
philippines|sison|2024-01-01|0.0|0.0|0|95.05|94.42|6
philippines|tayug|2024-01-01|0.0|0.0|0|84.63|94.01|11
philippines|tubao|2024-01-01|0.0|0.0|0|94.06|94.38|6
philippines|umingan|2024-01-01|0.0|0.0|0|97.31|95.32|6
philippines|urdaneta-city|2024-01-01|35.67|8.59|22|92.21|93.94|6
philippines|vigan-city|2024-01-01|0.0|0.0|0|48.74|51.38|9
philippines|villasis|2024-01-01|0.0|0.0|0|89.73|77.57|7
philippines|caloocan|2024-01-01|38.06|8.95|16|101.2|101.9|3
philippines|las-pinas|2024-01-01|48.3|7.03|17|101.47|94.19|4
philippines|makati|2024-01-01|73.03|13.07|16|79.77|55.22|5
philippines|malabon|2024-01-01|36.36|8.58|16|109.18|106.07|3
philippines|mandaluyong|2024-01-01|51.3|9.69|17|94.26|88.51|4
philippines|manila|2024-01-01|44.61|7.92|17|91.95|67.35|5
philippines|marikina|2024-01-01|49.69|9.0|17|112.88|106.08|3
philippines|muntinlupa|2024-01-01|34.04|6.42|19|95.8|93.44|5
philippines|navotas|2024-01-01|25.37|6.12|17|94.19|94.18|4
philippines|paranaque|2024-01-01|43.14|7.47|18|98.74|93.85|4
philippines|pasay|2024-01-01|42.96|8.74|18|94.34|93.56|5
philippines|pasig|2024-01-01|49.72|8.95|17|106.67|98.36|3
philippines|pateros|2024-01-01|48.52|10.16|16|99.76|101.54|3
philippines|quezon-city|2024-01-01|49.58|9.42|17|94.56|94.31|4
philippines|san-juan|2024-01-01|60.62|9.25|16|92.36|71.42|5
philippines|taguig|2024-01-01|49.97|10.17|18|94.34|90.02|4
philippines|valenzuela|2024-01-01|38.58|9.85|16|106.61|99.88|3
philippines|boac|2024-01-01|0.0|0.0|0|83.69|89.02|6
philippines|bongabong|2024-01-01|0.0|0.0|0|37.52|37.78|16
philippines|calapan|2024-01-01|0.0|0.0|0|54.66|62.83|12
philippines|coron|2024-01-01|0.0|0.0|0|55.86|31.61|26
philippines|el-nido|2024-01-01|0.0|0.0|0|45.34|27.97|27
philippines|naujan|2024-01-01|0.0|0.0|0|55.1|55.08|12
philippines|odiongan|2024-01-01|0.0|0.0|0|51.58|48.98|17
philippines|pinamalayan|2024-01-01|0.0|0.0|0|50.62|54.76|12
philippines|puerto-galera|2024-01-01|0.0|0.0|0|56.38|73.28|11
philippines|puerto-princesa|2024-01-01|32.1|7.41|34|77.05|65.72|28
philippines|roxas|2024-01-01|0.0|0.0|0|59.18|59.92|15
philippines|san-jose|2024-01-01|0.0|0.0|0|44.73|46.58|13
philippines|cagayan-de-oro|2024-01-01|32.34|9.01|26|85.15|77.16|9
philippines|damulog|2024-01-01|0.0|0.0|0|86.24|94.02|11
philippines|don-carlos|2024-01-01|0.0|0.0|0|76.1|80.69|10
philippines|gingoog|2024-01-01|0.0|0.0|0|66.86|55.35|8
philippines|iligan-city|2024-01-01|25.55|6.1|33|92.72|93.64|8
philippines|impasug-ong|2024-01-01|0.0|0.0|0|86.28|84.04|11
philippines|kibawe|2024-01-01|0.0|0.0|0|87.4|86.55|15
philippines|kitaotao|2024-01-01|0.0|0.0|0|94.89|94.13|12
philippines|lantapan|2024-01-01|0.0|0.0|0|29.13|25.11|17
philippines|malaybalay-city|2024-01-01|18.87|5.8|31|53.54|34.2|7
philippines|manolo-fortich|2024-01-01|0.0|0.0|0|120.24|112.2|6
philippines|maramag|2024-01-01|0.0|0.0|0|74.34|77.43|9
philippines|marawi-city|2024-01-01|0.0|0.0|0|17.43|12.8|27
philippines|opol|2024-01-01|0.0|0.0|0|93.37|61.65|3
philippines|oroquieta-city|2024-01-01|0.0|0.0|0|53.46|49.3|9
philippines|ozamiz-city|2024-01-01|0.0|0.0|0|44.58|44.79|9
philippines|quezon|2024-01-01|0.0|0.0|0|92.9|93.95|11
philippines|tagoloan|2024-01-01|0.0|0.0|0|59.64|50.65|3
philippines|talakag|2024-01-01|0.0|0.0|0|82.54|48.45|5
philippines|tangub-city|2024-01-01|0.0|0.0|0|68.76|72.15|12
philippines|valencia-city|2024-01-01|18.9|6.78|33|62.8|57.63|8
philippines|alabel|2024-01-01|0.0|0.0|0|35.79|37.74|16
philippines|alamada|2024-01-01|0.0|0.0|0|36.18|33.95|16
philippines|antipas|2024-01-01|0.0|0.0|0|83.95|82.44|15
philippines|arakan|2024-01-01|0.0|0.0|0|91.14|93.25|17
philippines|banga|2024-01-01|0.0|0.0|0|62.72|52.4|13
philippines|banisilan|2024-01-01|0.0|0.0|0|27.41|25.98|29
philippines|carmen|2024-01-01|0.0|0.0|0|94.34|94.57|12
philippines|general-santos-city|2024-01-01|19.91|6.69|37|61.76|58.8|13
philippines|isulan|2024-01-01|0.0|0.0|0|32.7|33.1|19
philippines|kabacan|2024-01-01|0.0|0.0|0|88.58|91.69|13
philippines|kadingilan|2024-01-01|0.0|0.0|0|97.8|94.66|12
philippines|kidapawan-city|2024-01-01|22.24|5.92|36|52.68|54.62|16
philippines|koronadal-city|2024-01-01|23.41|5.56|35|45.87|47.36|14
philippines|m%27lang|2024-01-01|0.0|0.0|0|62.81|65.87|15
philippines|magpet|2024-01-01|0.0|0.0|0|93.74|94.42|15
philippines|makilala|2024-01-01|0.0|0.0|0|36.6|38.38|18
philippines|matalam|2024-01-01|0.0|0.0|0|94.02|94.43|12
philippines|midsayap|2024-01-01|0.0|0.0|0|93.78|94.26|9
philippines|pikit|2024-01-01|0.0|0.0|0|95.04|97.25|9
philippines|polomolok|2024-01-01|0.0|0.0|0|93.08|93.65|15
philippines|president-roxas|2024-01-01|0.0|0.0|0|94.18|94.56|11
philippines|president-roxas|2024-01-01|0.0|0.0|0|94.18|94.56|11
philippines|surallah|2024-01-01|0.0|0.0|0|31.94|34.38|15
philippines|tacurong-city|2024-01-01|0.0|0.0|0|46.0|45.82|21
philippines|tantangan|2024-01-01|0.0|0.0|0|56.77|63.89|12
philippines|tulunan|2024-01-01|0.0|0.0|0|51.41|53.35|17
philippines|tupi|2024-01-01|0.0|0.0|0|35.39|31.32|21
philippines|bacolod|2024-01-01|26.74|7.17|31|75.64|65.14|16
philippines|bago-city|2024-01-01|0.0|0.0|0|64.91|60.71|9
philippines|barotac-nuevo|2024-01-01|0.0|0.0|0|49.29|46.87|15
philippines|cabatuan|2024-01-01|0.0|0.0|0|35.92|38.26|16
philippines|cadiz-city|2024-01-01|0.0|0.0|0|75.64|55.04|10
philippines|calatrava|2024-01-01|0.0|0.0|0|98.56|95.99|5
philippines|don-salvador-benedicto|2024-01-01|0.0|0.0|0|100.34|101.95|6
philippines|dumangas|2024-01-01|0.0|0.0|0|47.42|47.97|18
philippines|enrique-b.-magalona|2024-01-01|0.0|0.0|0|83.7|85.39|16
philippines|escalante-city|2024-01-01|0.0|0.0|0|92.56|93.86|10
philippines|himamaylan-city|2024-01-01|0.0|0.0|0|35.34|37.12|9
philippines|iloilo-city|2024-01-01|31.04|6.99|30|72.44|57.99|16
philippines|isabela|2024-01-01|0.0|0.0|0|69.3|49.6|11
philippines|kabankalan|2024-01-01|0.0|0.0|0|44.16|39.53|5
philippines|kalibo|2024-01-01|17.67|4.08|33|37.48|29.69|16
philippines|la-carlota-city|2024-01-01|0.0|0.0|0|74.33|66.74|11
philippines|lambunao|2024-01-01|0.0|0.0|0|48.07|40.12|16
philippines|leganes|2024-01-01|0.0|0.0|0|53.59|47.52|13
philippines|makato|2024-01-01|0.0|0.0|0|34.37|24.08|4
philippines|malay|2024-01-01|34.69|6.53|37|30.3|26.01|10
philippines|manapla|2024-01-01|0.0|0.0|0|50.45|51.92|11
philippines|murcia|2024-01-01|0.0|0.0|0|99.73|94.98|8
philippines|oton|2024-01-01|0.0|0.0|0|53.9|44.26|16
philippines|pavia|2024-01-01|19.61|5.14|36|58.29|44.96|18
philippines|pontevedra|2024-01-01|0.0|0.0|0|64.46|75.71|8
philippines|pototan|2024-01-01|0.0|0.0|0|83.18|77.03|13
philippines|pulupandan|2024-01-01|0.0|0.0|0|47.67|52.89|24
philippines|roxas-city|2024-01-01|21.73|6.68|31|60.35|50.14|16
philippines|sagay-city|2024-01-01|0.0|0.0|0|80.5|68.51|15
philippines|san-carlos-city|2024-01-01|0.0|0.0|0|104.05|94.76|6
philippines|san-jose-de-buenavista|2024-01-01|0.0|0.0|0|55.78|51.91|12
philippines|santa-barbara|2024-01-01|0.0|0.0|0|48.51|42.52|15
philippines|silay-city|2024-01-01|0.0|0.0|0|90.39|89.95|9
philippines|talisay-city|2024-01-01|0.0|0.0|0|91.81|92.83|12
philippines|tapaz|2024-01-01|0.0|0.0|0|32.19|23.12|17
philippines|tigbauan|2024-01-01|0.0|0.0|0|47.5|42.22|11
philippines|toboso|2024-01-01|0.0|0.0|0|90.31|93.58|5
philippines|victorias-city|2024-01-01|0.0|0.0|0|88.14|91.73|14
philippines|aurora|2024-01-01|0.0|0.0|0|33.81|32.9|13
philippines|dapitan-city|2024-01-01|0.0|0.0|0|48.4|46.97|15
philippines|dipolog-city|2024-01-01|0.0|0.0|0|58.83|56.39|11
philippines|molave|2024-01-01|0.0|0.0|0|43.28|55.42|11
philippines|pagadian-city|2024-01-01|21.35|6.15|31|59.05|45.36|10
philippines|zamboanga|2024-01-01|19.26|5.58|39|56.83|67.14|18
poland|greater-poland-voivodeship|2024-01-01|54.18|10.98|23|159.65|53.88|11
poland|kuyavian-pomeranian-voivodeship|2024-01-01|48.72|10.12|28|144.19|41.94|15
poland|lesser-poland-voivodeship|2024-01-01|53.14|11.79|25|160.22|40.39|7
poland|lower-silesian-voivodeship|2024-01-01|52.01|10.84|25|121.62|51.27|9
poland|lublin-voivodeship|2024-01-01|42.72|8.1|24|99.83|41.1|10
poland|lubusz-voivodeship|2024-01-01|44.1|9.79|24|116.79|45.63|14
poland|masovian-voivodeship|2024-01-01|61.8|16.11|19|173.86|43.38|8
poland|opole-voivodeship|2024-01-01|53.67|10.91|30|100.16|38.96|10
poland|podkarpackie-voivodeship|2024-01-01|45.97|9.84|30|94.44|37.33|5
poland|podlaskie-voivodeship|2024-01-01|36.46|8.09|25|99.19|54.64|4
poland|pomeranian-voivodeship|2024-01-01|49.81|10.92|25|157.56|37.8|18
poland|silesian-voivodeship|2024-01-01|55.69|13.1|24|171.1|45.85|6
poland|swietokrzyskie|2024-01-01|49.02|10.87|27|144.9|53.77|10
poland|warmian-masurian-voivodeship|2024-01-01|43.35|9.24|28|121.55|43.91|17
poland|west-pomeranian-voivodeship|2024-01-01|52.22|11.36|30|147.25|45.94|13
poland|lodz-voivodeship|2024-01-01|54.26|12.84|23|147.83|47.17|7
poland|gniezno|2024-01-01|0.0|0.0|0|92.23|28.79|10
poland|jarocin|2024-01-01|0.0|0.0|0|47.67|9.76|15
poland|kalisz|2024-01-01|0.0|0.0|0|152.31|39.03|17
poland|konin|2024-01-01|0.0|0.0|0|114.2|48.38|10
poland|koscian|2024-01-01|0.0|0.0|0|90.48|88.57|10
poland|leszno|2024-01-01|0.0|0.0|0|123.72|29.51|14
poland|lubon|2024-01-01|0.0|0.0|0|125.12|85.8|8
poland|ostrow-wielkopolski|2024-01-01|0.0|0.0|0|94.0|10.16|16
poland|pila|2024-01-01|0.0|0.0|0|182.9|41.26|16
poland|poznan|2024-01-01|85.84|16.46|21|198.22|80.64|10
poland|swarzedz|2024-01-01|0.0|0.0|0|152.55|65.89|9
poland|wagrowiec|2024-01-01|0.0|0.0|0|89.85|41.98|18
poland|wrzesnia|2024-01-01|0.0|0.0|0|229.12|52.13|13
poland|brodnica|2024-01-01|0.0|0.0|0|134.8|40.84|14
poland|bydgoszcz|2024-01-01|63.71|14.93|26|225.89|41.3|16
poland|grudziadz|2024-01-01|0.0|0.0|0|84.69|38.77|16
poland|inowroclaw|2024-01-01|0.0|0.0|0|170.91|52.49|14
poland|solec-kujawski|2024-01-01|0.0|0.0|0|125.06|92.9|6
poland|torun|2024-01-01|71.08|15.44|26|208.56|51.03|13
poland|wloclawek|2024-01-01|0.0|0.0|0|246.07|30.71|13
poland|bochnia|2024-01-01|0.0|0.0|0|124.26|55.52|14
poland|brzesko|2024-01-01|0.0|0.0|0|104.18|51.74|17
poland|bukowno|2024-01-01|0.0|0.0|0|270.65|29.11|9
poland|chrzanow|2024-01-01|0.0|0.0|0|180.56|51.62|5
poland|gorlice|2024-01-01|0.0|0.0|0|75.22|29.02|15
poland|krakow|2024-01-01|72.96|17.79|21|193.16|44.79|7
poland|myslenice|2024-01-01|0.0|0.0|0|142.28|53.79|5
poland|niepolomice|2024-01-01|0.0|0.0|0|175.74|53.83|4
poland|nowy-sacz|2024-01-01|0.0|0.0|0|106.68|46.57|10
poland|nowy-targ|2024-01-01|0.0|0.0|0|114.63|48.58|4
poland|olkusz|2024-01-01|0.0|0.0|0|262.48|29.26|9
poland|oswiecim|2024-01-01|0.0|0.0|0|160.86|34.43|5
poland|skawina|2024-01-01|0.0|0.0|0|154.58|47.74|3
poland|tarnow|2024-01-01|0.0|0.0|0|94.71|41.84|16
poland|trzebinia|2024-01-01|0.0|0.0|0|232.65|33.15|8
poland|wieliczka|2024-01-01|0.0|0.0|0|150.38|47.16|4
poland|zakopane|2024-01-01|0.0|0.0|0|29.02|23.71|10
poland|bielany-wroclawskie|2024-01-01|0.0|0.0|0|146.39|109.47|4
poland|bielawa|2024-01-01|0.0|0.0|0|173.13|53.16|7
poland|boleslawiec|2024-01-01|0.0|0.0|0|171.5|29.64|13
poland|glogow|2024-01-01|0.0|0.0|0|288.47|53.34|19
poland|jelenia-gora|2024-01-01|0.0|0.0|0|102.42|33.05|22
poland|legnica|2024-01-01|0.0|0.0|0|160.56|51.34|18
poland|lubin|2024-01-01|0.0|0.0|0|153.15|38.34|13
poland|olesnica|2024-01-01|0.0|0.0|0|80.63|38.62|16
poland|olawa|2024-01-01|0.0|0.0|0|103.98|27.98|8
poland|swidnica|2024-01-01|0.0|0.0|0|145.47|46.29|10
poland|walbrzych|2024-01-01|0.0|0.0|0|184.52|33.24|15
poland|wroclaw|2024-01-01|71.61|15.13|23|201.15|60.86|6
poland|zgorzelec|2024-01-01|0.0|0.0|0|106.98|18.41|25
poland|biala-podlaska|2024-01-01|0.0|0.0|0|137.62|48.2|14
poland|bilgoraj|2024-01-01|0.0|0.0|0|121.47|38.02|3
poland|chelm|2024-01-01|0.0|0.0|0|106.57|37.16|7
poland|krasnik|2024-01-01|0.0|0.0|0|146.03|40.92|9
poland|krasnystaw|2024-01-01|0.0|0.0|0|163.53|39.71|3
poland|lubartow|2024-01-01|0.0|0.0|0|92.86|61.86|10
poland|lublin|2024-01-01|57.54|12.28|21|145.29|38.24|15
poland|lukow|2024-01-01|0.0|0.0|0|101.8|29.63|9
poland|pulawy|2024-01-01|0.0|0.0|0|94.1|94.48|7
poland|zamosc|2024-01-01|0.0|0.0|0|93.77|28.99|3
poland|gorzow-wielkopolski|2024-01-01|0.0|0.0|0|179.41|51.51|18
poland|miedzyrzecz|2024-01-01|0.0|0.0|0|54.17|18.74|9
poland|nowa-sol|2024-01-01|0.0|0.0|0|81.82|29.4|15
poland|zielona-gora|2024-01-01|63.94|12.8|21|166.79|47.61|12
poland|garwolin|2024-01-01|0.0|0.0|0|196.66|28.92|9
poland|grodzisk-mazowiecki|2024-01-01|0.0|0.0|0|185.12|48.73|4
poland|jablonna|2024-01-01|0.0|0.0|0|201.53|61.71|5
poland|jozefoslaw|2024-01-01|0.0|0.0|0|249.47|82.59|5
poland|jozefow|2024-01-01|0.0|0.0|0|257.03|38.18|8
poland|karczew|2024-01-01|0.0|0.0|0|244.7|29.21|9
poland|kobylka|2024-01-01|0.0|0.0|0|173.4|52.22|4
poland|konstancin-jeziorna|2024-01-01|0.0|0.0|0|178.47|54.47|5
poland|legionowo|2024-01-01|0.0|0.0|0|232.92|63.14|5
poland|magdalenka|2024-01-01|0.0|0.0|0|257.51|38.63|7
poland|marki|2024-01-01|0.0|0.0|0|194.82|51.81|4
poland|milanowek|2024-01-01|0.0|0.0|0|75.69|40.7|8
poland|minsk-mazowiecki|2024-01-01|0.0|0.0|0|167.46|31.34|7
poland|nowy-dwor-mazowiecki|2024-01-01|0.0|0.0|0|221.48|55.16|11
poland|ostroleka|2024-01-01|0.0|0.0|0|168.11|53.12|11
poland|otwock|2024-01-01|0.0|0.0|0|204.22|34.39|7
poland|ozarow-mazowiecki|2024-01-01|0.0|0.0|0|159.74|31.09|4
poland|piaseczno|2024-01-01|0.0|0.0|0|273.44|51.21|6
poland|piastow|2024-01-01|0.0|0.0|0|213.62|52.02|8
poland|plock|2024-01-01|0.0|0.0|0|123.37|34.75|11
poland|plonsk|2024-01-01|0.0|0.0|0|68.04|16.7|7
poland|pruszkow|2024-01-01|0.0|0.0|0|180.94|29.77|7
poland|radom|2024-01-01|58.53|17.69|22|108.65|46.88|11
poland|raszyn|2024-01-01|0.0|0.0|0|220.99|74.73|4
poland|siedlce|2024-01-01|0.0|0.0|0|140.7|73.35|5
poland|sochaczew|2024-01-01|0.0|0.0|0|146.92|42.26|10
poland|sokolow-podlaski|2024-01-01|0.0|0.0|0|159.48|52.51|13
poland|warsaw|2024-01-01|79.75|23.59|17|168.21|46.26|9
poland|wolomin|2024-01-01|0.0|0.0|0|176.72|43.24|3
poland|wyszkow|2024-01-01|0.0|0.0|0|96.05|68.38|7
poland|zabki|2024-01-01|0.0|0.0|0|223.52|43.98|7
poland|zielonka|2024-01-01|0.0|0.0|0|245.74|49.7|5
poland|lomianki|2024-01-01|0.0|0.0|0|141.83|42.93|3
poland|zyrardow|2024-01-01|0.0|0.0|0|140.48|41.51|6
poland|krapkowice|2024-01-01|0.0|0.0|0|177.53|53.72|18
poland|kedzierzyn-kozle|2024-01-01|0.0|0.0|0|169.28|29.61|8
poland|nysa|2024-01-01|0.0|0.0|0|160.61|50.7|14
poland|opole|2024-01-01|52.71|14.32|28|159.62|52.8|8
poland|debica|2024-01-01|0.0|0.0|0|118.74|31.58|3
poland|jaroslaw|2024-01-01|0.0|0.0|0|94.16|41.6|11
poland|jaslo|2024-01-01|0.0|0.0|0|110.76|55.73|3
poland|krosno|2024-01-01|0.0|0.0|0|95.04|49.22|4
poland|mielec|2024-01-01|0.0|0.0|0|94.24|27.46|18
poland|przemysl|2024-01-01|0.0|0.0|0|102.47|43.17|16
poland|ropczyce|2024-01-01|0.0|0.0|0|93.44|94.02|3
poland|rzeszow|2024-01-01|55.8|15.16|28|106.43|46.61|3
poland|sanok|2024-01-01|0.0|0.0|0|91.91|25.95|6
poland|stalowa-wola|2024-01-01|0.0|0.0|0|80.39|25.77|17
poland|tarnobrzeg|2024-01-01|0.0|0.0|0|104.81|87.58|13
poland|bialystok|2024-01-01|40.21|11.07|23|128.67|63.11|3
poland|lomza|2024-01-01|0.0|0.0|0|158.14|53.2|8
poland|suwalki|2024-01-01|0.0|0.0|0|103.45|49.47|12
poland|zambrow|2024-01-01|0.0|0.0|0|93.89|92.53|5
poland|banino|2024-01-01|0.0|0.0|0|80.75|54.29|5
poland|chojnice|2024-01-01|0.0|0.0|0|93.81|27.89|10
poland|gdansk|2024-01-01|70.77|15.35|22|223.39|39.88|19
poland|gdynia|2024-01-01|79.82|17.58|21|175.08|39.69|21
poland|kwidzyn|2024-01-01|0.0|0.0|0|64.14|36.73|17
poland|lebork|2024-01-01|0.0|0.0|0|187.52|60.31|25
poland|malbork|2024-01-01|0.0|0.0|0|140.53|51.27|17
poland|pruszcz-gdanski|2024-01-01|0.0|0.0|0|119.07|52.49|18
poland|reda|2024-01-01|0.0|0.0|0|159.28|82.0|3
poland|rumia|2024-01-01|0.0|0.0|0|126.47|44.69|7
poland|slupsk|2024-01-01|0.0|0.0|0|211.45|55.9|21
poland|sopot|2024-01-01|0.0|0.0|0|150.17|34.35|19
poland|starogard-gdanski|2024-01-01|0.0|0.0|0|77.45|26.64|12
poland|tczew|2024-01-01|0.0|0.0|0|151.89|34.91|9
poland|wejherowo|2024-01-01|0.0|0.0|0|148.75|17.04|9
poland|bielsko-biala|2024-01-01|48.21|12.75|22|172.6|56.73|4
poland|bobrowniki|2024-01-01|0.0|0.0|0|92.44|48.14|4
poland|bytom|2024-01-01|70.69|16.8|24|150.7|29.9|8
poland|bedzin|2024-01-01|0.0|0.0|0|200.37|47.36|4
poland|chorzow|2024-01-01|70.0|19.29|22|189.87|50.96|7
poland|cieszyn|2024-01-01|0.0|0.0|0|93.93|48.16|7
poland|czechowice-dziedzice|2024-01-01|0.0|0.0|0|117.83|47.56|7
poland|czeladz|2024-01-01|0.0|0.0|0|189.62|49.03|5
poland|czerwionka-leszczyny|2024-01-01|0.0|0.0|0|199.57|86.32|4
poland|czestochowa|2024-01-01|56.86|14.91|25|154.33|32.77|8
poland|dabrowa-gornicza|2024-01-01|0.0|0.0|0|247.23|39.34|7
poland|gliwice|2024-01-01|54.94|16.67|24|148.16|52.65|7
poland|imielin|2024-01-01|0.0|0.0|0|84.65|41.16|4
poland|jastrzebie-zdroj|2024-01-01|0.0|0.0|0|192.09|41.09|7
poland|jaworzno|2024-01-01|0.0|0.0|0|215.5|39.15|7
poland|katowice|2024-01-01|70.0|19.77|21|174.56|47.73|7
poland|knurow|2024-01-01|0.0|0.0|0|148.7|74.52|4
poland|lubliniec|2024-01-01|0.0|0.0|0|131.94|94.61|4
poland|mikolow|2024-01-01|0.0|0.0|0|181.54|46.75|4
poland|myslowice|2024-01-01|0.0|0.0|0|196.5|44.15|5
poland|myszkow|2024-01-01|0.0|0.0|0|151.78|47.83|11
poland|orzesze|2024-01-01|0.0|0.0|0|159.76|94.85|4
poland|piekary-slaskie|2024-01-01|0.0|0.0|0|175.79|53.9|4
poland|porabka|2024-01-01|0.0|0.0|0|245.17|44.38|4
poland|pszczyna|2024-01-01|0.0|0.0|0|150.8|61.96|5
poland|raciborz|2024-01-01|0.0|0.0|0|192.23|51.83|5
poland|radlin|2024-01-01|0.0|0.0|0|162.55|82.02|8
poland|radzionkow|2024-01-01|0.0|0.0|0|89.55|53.1|5
poland|ruda-slaska|2024-01-01|0.0|0.0|0|181.02|41.69|8
poland|rybnik|2024-01-01|0.0|0.0|0|182.97|79.62|4
poland|siemianowice-slaskie|2024-01-01|0.0|0.0|0|174.69|40.62|6
poland|skoczow|2024-01-01|0.0|0.0|0|114.86|49.13|9
poland|sosnowiec|2024-01-01|67.91|17.48|22|236.55|31.08|8
poland|slawkow|2024-01-01|0.0|0.0|0|279.4|59.1|4
poland|tarnowskie-gory|2024-01-01|0.0|0.0|0|167.96|44.27|8
poland|tychy|2024-01-01|0.0|0.0|0|192.52|49.39|4
poland|ustron|2024-01-01|0.0|0.0|0|132.23|31.52|7
poland|wisla|2024-01-01|0.0|0.0|0|42.68|27.12|5
poland|wodzislaw-slaski|2024-01-01|0.0|0.0|0|170.41|71.98|5
poland|wyry|2024-01-01|0.0|0.0|0|166.29|39.14|3
poland|zabrze|2024-01-01|69.11|18.24|23|214.74|54.11|17
poland|zawiercie|2024-01-01|0.0|0.0|0|155.64|78.65|5
poland|zory|2024-01-01|0.0|0.0|0|203.86|59.09|5
poland|swietochlowice|2024-01-01|0.0|0.0|0|195.14|57.5|9
poland|zywiec|2024-01-01|0.0|0.0|0|136.94|42.12|6
poland|kielce|2024-01-01|62.1|21.36|24|155.85|51.19|13
poland|ostrowiec|2024-01-01|0.0|0.0|0|153.94|51.73|10
poland|skarzysko-kamienna|2024-01-01|0.0|0.0|0|206.42|93.41|9
poland|starachowice|2024-01-01|0.0|0.0|0|165.63|70.18|10
poland|bartoszyce|2024-01-01|0.0|0.0|0|192.19|62.84|6
poland|elblag|2024-01-01|0.0|0.0|0|218.72|52.19|21
poland|elk|2024-01-01|0.0|0.0|0|182.89|50.08|19
poland|olsztyn|2024-01-01|66.9|16.05|23|153.43|45.5|18
poland|ostroda|2024-01-01|0.0|0.0|0|147.45|52.76|16
poland|bialogard|2024-01-01|0.0|0.0|0|91.18|7.48|9
poland|kolobrzeg|2024-01-01|0.0|0.0|0|87.47|20.01|21
poland|koszalin|2024-01-01|65.11|14.08|30|189.08|35.63|7
poland|stargard|2024-01-01|0.0|0.0|0|257.99|52.6|26
poland|swinoujscie|2024-01-01|0.0|0.0|0|87.18|26.21|17
poland|szczecin|2024-01-01|57.31|14.02|29|175.83|42.91|12
poland|szczecinek|2024-01-01|0.0|0.0|0|92.72|18.92|22
poland|aleksandrow-lodzki|2024-01-01|0.0|0.0|0|159.07|37.03|4
poland|belchatow|2024-01-01|0.0|0.0|0|94.75|44.18|7
poland|konstantynow-lodzki|2024-01-01|0.0|0.0|0|156.57|52.59|4
poland|kutno|2024-01-01|0.0|0.0|0|177.29|49.3|7
poland|lowicz|2024-01-01|0.0|0.0|0|169.93|43.45|9
poland|pabianice|2024-01-01|0.0|0.0|0|159.1|47.44|9
poland|piotrkow-trybunalski|2024-01-01|0.0|0.0|0|163.78|31.01|9
poland|radomsko|2024-01-01|0.0|0.0|0|116.26|50.53|7
poland|sieradz|2024-01-01|0.0|0.0|0|205.97|52.77|16
poland|skierniewice|2024-01-01|0.0|0.0|0|123.82|40.18|4
poland|tomaszow-mazowiecki|2024-01-01|0.0|0.0|0|208.53|58.68|11
poland|wielun|2024-01-01|0.0|0.0|0|100.43|17.8|8
poland|zdunska-wola|2024-01-01|0.0|0.0|0|172.71|47.45|3
poland|zgierz|2024-01-01|0.0|0.0|0|158.95|63.22|4
poland|lodz|2024-01-01|71.95|18.53|20|172.75|44.75|7
portugal|aveiro-district|2024-01-01|72.03|12.39|21|154.94|93.48|6
portugal|azores|2024-01-01|0.0|0.0|0|193.54|98.12|6
portugal|beja-district|2024-01-01|0.0|0.0|0|86.56|51.59|10
portugal|braga|2024-01-01|84.9|12.52|23|176.02|98.52|6
portugal|braganca-district|2024-01-01|0.0|0.0|0|120.85|86.36|12
portugal|castelo-branco-district|2024-01-01|66.49|18.35|25|140.24|94.42|9
portugal|coimbra-district|2024-01-01|69.48|13.58|22|150.68|94.12|8
portugal|faro-district|2024-01-01|82.84|14.87|27|124.28|84.38|13
portugal|guarda-district|2024-01-01|0.0|0.0|0|113.73|89.39|10
portugal|leiria-district|2024-01-01|61.41|11.59|23|151.47|94.86|7
portugal|lisbon|2024-01-01|247.95|27.91|20|175.29|94.29|6
portugal|madeira|2024-01-01|0.0|0.0|0|160.79|93.5|6
portugal|portalegre-district|2024-01-01|0.0|0.0|0|94.89|73.39|8
portugal|porto-district|2024-01-01|127.54|16.68|20|196.58|98.77|5
portugal|santarem-district|2024-01-01|60.75|12.39|22|132.06|94.34|6
portugal|setubal|2024-01-01|158.67|20.87|21|190.86|94.44|6
portugal|viana-do-castelo-district|2024-01-01|87.02|14.22|23|157.44|95.02|7
portugal|vila-real-district|2024-01-01|51.85|13.33|24|127.55|94.73|8
portugal|viseu-district|2024-01-01|52.38|12.3|25|117.75|92.22|7
portugal|evora-district|2024-01-01|0.0|0.0|0|93.95|73.99|7
portugal|albergaria-a-velha|2024-01-01|0.0|0.0|0|205.96|103.8|6
portugal|aveiro|2024-01-01|0.0|0.0|0|189.3|91.0|7
portugal|eixo|2024-01-01|0.0|0.0|0|189.41|103.51|5
portugal|esmoriz|2024-01-01|0.0|0.0|0|170.29|92.76|7
portugal|espinho|2024-01-01|0.0|0.0|0|154.41|90.43|6
portugal|estarreja|2024-01-01|0.0|0.0|0|117.24|88.42|6
portugal|ilhavo|2024-01-01|0.0|0.0|0|155.63|50.51|8
portugal|oia|2024-01-01|0.0|0.0|0|160.46|98.15|6
portugal|oliveira-de-azemeis|2024-01-01|0.0|0.0|0|145.96|94.76|6
portugal|oliveira-do-bairro|2024-01-01|0.0|0.0|0|131.55|93.11|6
portugal|ovar|2024-01-01|0.0|0.0|0|194.83|98.83|6
portugal|santa-maria-da-feira|2024-01-01|0.0|0.0|0|154.94|81.39|7
portugal|sao-joao-da-madeira|2024-01-01|0.0|0.0|0|150.16|85.28|6
portugal|vale-de-cambra|2024-01-01|0.0|0.0|0|181.95|97.12|5
portugal|valega|2024-01-01|0.0|0.0|0|189.59|99.47|5
portugal|ponta-delgada|2024-01-01|0.0|0.0|0|175.98|91.8|4
portugal|beja|2024-01-01|0.0|0.0|0|130.64|92.62|8
portugal|arcozelo|2024-01-01|0.0|0.0|0|207.73|103.64|6
portugal|braga|2024-01-01|0.0|0.0|0|164.05|93.65|7
portugal|guimaraes|2024-01-01|0.0|0.0|0|181.44|98.03|6
portugal|vila-nova-de-famalicao|2024-01-01|0.0|0.0|0|181.64|101.21|5
portugal|braganca|2024-01-01|0.0|0.0|0|175.43|94.06|11
portugal|castelo-branco|2024-01-01|0.0|0.0|0|148.48|94.53|9
portugal|covilha|2024-01-01|0.0|0.0|0|176.02|99.35|11
portugal|fundao|2024-01-01|0.0|0.0|0|193.15|99.58|10
portugal|cantanhede|2024-01-01|0.0|0.0|0|173.46|101.19|5
portugal|coimbra|2024-01-01|148.58|22.42|20|158.06|91.5|8
portugal|figueira-da-foz|2024-01-01|0.0|0.0|0|215.77|122.08|5
portugal|tavarede|2024-01-01|0.0|0.0|0|199.19|94.1|8
portugal|alvor|2024-01-01|0.0|0.0|0|94.68|47.88|14
portugal|boliqueime|2024-01-01|0.0|0.0|0|105.01|57.94|9
portugal|carvoeiro|2024-01-01|0.0|0.0|0|94.51|56.5|9
portugal|estoi|2024-01-01|0.0|0.0|0|144.0|94.27|15
portugal|estombar|2024-01-01|0.0|0.0|0|150.32|101.9|7
portugal|faro|2024-01-01|0.0|0.0|0|160.49|91.02|15
portugal|guia|2024-01-01|0.0|0.0|0|127.54|93.73|9
portugal|lagoa|2024-01-01|0.0|0.0|0|160.55|103.79|8
portugal|lagos|2024-01-01|0.0|0.0|0|138.67|93.45|11
portugal|loule|2024-01-01|0.0|0.0|0|113.39|76.44|10
portugal|luz|2024-01-01|0.0|0.0|0|157.26|102.61|10
portugal|olhos-de-agua|2024-01-01|0.0|0.0|0|90.33|62.52|9
portugal|olhao|2024-01-01|0.0|0.0|0|148.86|83.82|15
portugal|portimao|2024-01-01|0.0|0.0|0|158.18|82.86|12
portugal|quarteira|2024-01-01|0.0|0.0|0|160.92|93.19|11
portugal|silves|2024-01-01|0.0|0.0|0|161.59|105.27|8
portugal|sao-bartolomeu-de-messines|2024-01-01|0.0|0.0|0|61.63|22.35|14
portugal|tavira|2024-01-01|0.0|0.0|0|120.0|93.32|16
portugal|guarda|2024-01-01|0.0|0.0|0|117.96|82.44|11
portugal|seia|2024-01-01|0.0|0.0|0|122.77|96.85|7
portugal|alcobaca|2024-01-01|0.0|0.0|0|157.01|94.22|4
portugal|caldas-da-rainha|2024-01-01|0.0|0.0|0|147.86|94.21|5
portugal|leiria|2024-01-01|0.0|0.0|0|180.11|99.1|8
portugal|marinha-grande|2024-01-01|0.0|0.0|0|195.58|103.43|9
portugal|nazare|2024-01-01|0.0|0.0|0|153.54|91.54|7
portugal|pombal|2024-01-01|0.0|0.0|0|191.49|100.6|6
portugal|obidos-municipality|2024-01-01|0.0|0.0|0|136.44|94.15|4
portugal|agualva-cacem|2024-01-01|0.0|0.0|0|197.24|93.7|6
portugal|alcabideche|2024-01-01|0.0|0.0|0|169.9|84.51|8
portugal|alenquer|2024-01-01|0.0|0.0|0|195.17|103.32|4
portugal|algueirao-mem-martins|2024-01-01|0.0|0.0|0|203.95|99.78|5
portugal|alges|2024-01-01|0.0|0.0|0|191.07|92.52|7
portugal|almargem-do-bispo|2024-01-01|0.0|0.0|0|213.48|103.41|5
portugal|alverca-do-ribatejo|2024-01-01|0.0|0.0|0|194.82|94.6|7
portugal|amadora|2024-01-01|203.82|18.75|18|169.9|92.5|7
portugal|arruda-dos-vinhos|2024-01-01|0.0|0.0|0|210.2|103.53|5
portugal|azambuja|2024-01-01|0.0|0.0|0|209.84|102.43|5
portugal|belas|2024-01-01|0.0|0.0|0|203.76|101.18|6
portugal|bobadela|2024-01-01|0.0|0.0|0|157.05|91.73|6
portugal|bucelas|2024-01-01|0.0|0.0|0|223.33|103.8|5
portugal|camarate|2024-01-01|0.0|0.0|0|177.58|92.68|7
portugal|canecas|2024-01-01|0.0|0.0|0|199.77|100.76|4
portugal|carcavelos|2024-01-01|0.0|0.0|0|141.96|88.27|7
portugal|carnaxide|2024-01-01|0.0|0.0|0|219.05|102.62|5
portugal|carregado|2024-01-01|0.0|0.0|0|210.68|102.59|5
portugal|cascais|2024-01-01|0.0|0.0|0|211.54|100.21|5
portugal|ericeira|2024-01-01|0.0|0.0|0|213.58|121.94|4
portugal|estoril|2024-01-01|0.0|0.0|0|185.22|103.16|4
portugal|famoes|2024-01-01|0.0|0.0|0|191.71|94.31|6
portugal|fanhoes|2024-01-01|0.0|0.0|0|212.34|103.26|5
portugal|frielas|2024-01-01|0.0|0.0|0|191.59|100.5|6
portugal|linda-a-velha|2024-01-01|0.0|0.0|0|204.8|101.04|4
portugal|lisbon|2024-01-01|305.69|36.14|20|122.14|83.03|7
portugal|loures|2024-01-01|0.0|0.0|0|221.58|103.31|5
portugal|lourinha|2024-01-01|0.0|0.0|0|153.66|104.55|3
portugal|mafra|2024-01-01|0.0|0.0|0|213.04|113.11|4
portugal|mem-martins|2024-01-01|0.0|0.0|0|164.29|89.52|9
portugal|milharado|2024-01-01|0.0|0.0|0|185.24|103.4|5
portugal|odivelas|2024-01-01|0.0|0.0|0|201.91|97.86|6
portugal|oeiras|2024-01-01|0.0|0.0|0|217.35|103.36|4
portugal|parede|2024-01-01|0.0|0.0|0|182.85|94.98|7
portugal|paco-de-arcos|2024-01-01|0.0|0.0|0|202.95|96.68|6
portugal|pontinha|2024-01-01|0.0|0.0|0|158.46|93.4|5
portugal|porto-salvo|2024-01-01|0.0|0.0|0|167.62|93.6|6
portugal|povoa-de-santa-iria|2024-01-01|0.0|0.0|0|212.13|102.89|6
portugal|queluz|2024-01-01|0.0|0.0|0|159.88|89.06|7
portugal|ramada|2024-01-01|0.0|0.0|0|211.97|94.68|7
portugal|rio-de-mouro|2024-01-01|0.0|0.0|0|177.46|90.32|9
portugal|sacavem|2024-01-01|0.0|0.0|0|212.76|105.66|3
portugal|santa-iria-de-azoia|2024-01-01|0.0|0.0|0|201.28|103.48|6
portugal|santo-antao-do-tojal|2024-01-01|0.0|0.0|0|202.92|103.39|5
portugal|santo-antonio-dos-cavaleiros|2024-01-01|0.0|0.0|0|218.06|103.59|4
portugal|sintra|2024-01-01|0.0|0.0|0|175.16|96.2|5
portugal|sao-domingos-de-rana|2024-01-01|0.0|0.0|0|205.23|97.75|6
portugal|sao-joao-da-talha|2024-01-01|0.0|0.0|0|190.92|87.7|8
portugal|sao-joao-das-lampas|2024-01-01|0.0|0.0|0|184.15|104.53|4
portugal|sao-joao-dos-montes|2024-01-01|0.0|0.0|0|188.64|92.74|6
portugal|sao-juliao-do-tojal|2024-01-01|0.0|0.0|0|201.71|101.01|5
portugal|terrugem|2024-01-01|0.0|0.0|0|184.67|109.47|3
portugal|torres-vedras|2024-01-01|0.0|0.0|0|190.75|109.25|4
portugal|unhos|2024-01-01|0.0|0.0|0|190.71|103.68|5
portugal|venda-do-pinheiro|2024-01-01|0.0|0.0|0|202.18|109.52|3
portugal|vialonga|2024-01-01|0.0|0.0|0|197.63|94.8|7
portugal|vila-franca-de-xira|2024-01-01|0.0|0.0|0|190.61|95.5|6
portugal|canico|2024-01-01|0.0|0.0|0|175.2|102.58|5
portugal|funchal|2024-01-01|0.0|0.0|0|131.6|84.76|8
portugal|sao-goncalo|2024-01-01|0.0|0.0|0|214.89|103.13|4
portugal|elvas|2024-01-01|0.0|0.0|0|139.63|93.26|7
portugal|portalegre|2024-01-01|0.0|0.0|0|109.16|84.2|6
portugal|alfena|2024-01-01|0.0|0.0|0|200.62|99.02|4
portugal|amarante|2024-01-01|0.0|0.0|0|176.53|101.45|5
portugal|avintes|2024-01-01|0.0|0.0|0|209.06|102.68|4
portugal|baguim-do-monte|2024-01-01|0.0|0.0|0|208.55|97.99|5
portugal|campo|2024-01-01|0.0|0.0|0|184.51|96.12|6
portugal|canelas|2024-01-01|0.0|0.0|0|196.7|94.05|8
portugal|custoias|2024-01-01|0.0|0.0|0|186.41|95.97|5
portugal|ermesinde|2024-01-01|0.0|0.0|0|198.63|94.23|7
portugal|felgueiras|2024-01-01|0.0|0.0|0|146.5|94.8|5
portugal|foz-do-sousa|2024-01-01|0.0|0.0|0|144.21|97.61|5
portugal|fanzeres|2024-01-01|0.0|0.0|0|196.68|95.92|6
portugal|gandra|2024-01-01|0.0|0.0|0|206.3|103.52|4
portugal|gemunde|2024-01-01|0.0|0.0|0|217.86|104.35|4
portugal|grijo|2024-01-01|0.0|0.0|0|214.25|103.06|4
portugal|jovim|2024-01-01|0.0|0.0|0|172.12|99.26|4
portugal|leca-da-palmeira|2024-01-01|0.0|0.0|0|217.76|119.85|3
portugal|leca-do-balio|2024-01-01|0.0|0.0|0|213.22|103.44|4
portugal|lousada|2024-01-01|0.0|0.0|0|183.79|92.91|8
portugal|maia|2024-01-01|0.0|0.0|0|179.5|94.19|7
portugal|marco-de-canaveses|2024-01-01|0.0|0.0|0|127.66|98.69|6
portugal|matosinhos|2024-01-01|0.0|0.0|0|204.43|100.0|6
portugal|moreira|2024-01-01|0.0|0.0|0|195.1|93.96|6
portugal|olival|2024-01-01|0.0|0.0|0|130.94|93.36|5
portugal|paredes|2024-01-01|0.0|0.0|0|169.8|92.88|6
portugal|pacos-de-ferreira|2024-01-01|0.0|0.0|0|206.71|98.82|6
portugal|pedroso|2024-01-01|0.0|0.0|0|178.46|94.96|5
portugal|penafiel|2024-01-01|0.0|0.0|0|190.98|97.71|5
portugal|perafita|2024-01-01|0.0|0.0|0|145.15|89.27|8
portugal|perosinho|2024-01-01|0.0|0.0|0|202.13|101.15|5
portugal|porto|2024-01-01|220.38|22.4|18|179.03|95.53|6
portugal|povoa-de-varzim|2024-01-01|0.0|0.0|0|199.05|93.87|7
portugal|rebordosa|2024-01-01|0.0|0.0|0|204.77|102.9|6
portugal|recarei|2024-01-01|0.0|0.0|0|162.32|96.6|5
portugal|rio-tinto|2024-01-01|0.0|0.0|0|206.39|102.22|5
portugal|sandim|2024-01-01|0.0|0.0|0|208.94|103.3|5
portugal|santo-tirso|2024-01-01|0.0|0.0|0|165.79|99.88|5
portugal|senhora-da-hora|2024-01-01|0.0|0.0|0|190.99|94.53|7
portugal|sobrado|2024-01-01|0.0|0.0|0|141.27|97.79|6
portugal|sobreira|2024-01-01|0.0|0.0|0|174.07|100.39|6
portugal|sao-cosme|2024-01-01|0.0|0.0|0|190.32|94.57|6
portugal|sao-felix-da-marinha|2024-01-01|0.0|0.0|0|212.0|102.72|5
portugal|sao-mamede-de-infesta|2024-01-01|0.0|0.0|0|206.68|102.24|4
portugal|sao-pedro-da-cova|2024-01-01|0.0|0.0|0|205.99|101.33|5
portugal|trofa|2024-01-01|0.0|0.0|0|197.39|97.93|5
portugal|valadares|2024-01-01|0.0|0.0|0|204.79|103.32|4
portugal|valbom|2024-01-01|0.0|0.0|0|207.93|94.61|7
portugal|valongo|2024-01-01|0.0|0.0|0|205.6|102.01|5
portugal|vila-nova-de-gaia|2024-01-01|151.18|20.32|18|205.78|99.26|5
portugal|aguas-santas|2024-01-01|0.0|0.0|0|202.11|94.45|7
portugal|abrantes|2024-01-01|0.0|0.0|0|135.32|93.49|5
portugal|almeirim|2024-01-01|0.0|0.0|0|113.48|91.78|6
portugal|atalaia|2024-01-01|0.0|0.0|0|125.05|96.01|5
portugal|benavente|2024-01-01|0.0|0.0|0|167.83|101.99|5
portugal|cartaxo|2024-01-01|0.0|0.0|0|102.84|83.42|5
portugal|coruche|2024-01-01|0.0|0.0|0|114.72|94.71|6
portugal|fatima|2024-01-01|0.0|0.0|0|101.54|79.77|10
portugal|ourem|2024-01-01|0.0|0.0|0|188.24|104.67|5
portugal|rio-maior|2024-01-01|0.0|0.0|0|134.39|94.27|5
portugal|samora-correia|2024-01-01|0.0|0.0|0|182.7|102.4|6
portugal|santarem|2024-01-01|0.0|0.0|0|111.22|90.08|6
portugal|tomar|2024-01-01|0.0|0.0|0|178.37|102.4|6
portugal|torres-novas|2024-01-01|0.0|0.0|0|137.91|99.51|5
portugal|alhos-vedros|2024-01-01|0.0|0.0|0|201.94|98.53|6
portugal|almada|2024-01-01|0.0|0.0|0|180.96|90.84|7
portugal|amora|2024-01-01|0.0|0.0|0|182.08|92.19|7
portugal|arrentela|2024-01-01|0.0|0.0|0|197.26|94.34|6
portugal|baixa-da-banheira|2024-01-01|0.0|0.0|0|194.84|80.73|8
portugal|barreiro|2024-01-01|0.0|0.0|0|209.79|94.12|8
portugal|barreiro-e-lavradio|2024-01-01|0.0|0.0|0|205.21|101.62|6
portugal|caparica|2024-01-01|0.0|0.0|0|162.09|90.03|7
portugal|charneca-de-caparica|2024-01-01|0.0|0.0|0|203.28|96.17|5
portugal|corroios|2024-01-01|0.0|0.0|0|191.86|93.57|6
portugal|fernao-ferro|2024-01-01|0.0|0.0|0|210.85|103.59|5
portugal|grandola|2024-01-01|0.0|0.0|0|116.52|68.62|8
portugal|moita|2024-01-01|0.0|0.0|0|203.87|93.85|6
portugal|montijo|2024-01-01|0.0|0.0|0|219.11|103.63|5
portugal|palmela|2024-01-01|0.0|0.0|0|189.03|94.65|5
portugal|pinhal-novo|2024-01-01|0.0|0.0|0|196.19|97.46|6
portugal|quinta-do-anjo|2024-01-01|0.0|0.0|0|179.87|82.16|7
portugal|quinta-do-conde|2024-01-01|0.0|0.0|0|212.67|108.49|4
portugal|santiago-do-cacem|2024-01-01|0.0|0.0|0|135.73|77.56|7
portugal|sobreda|2024-01-01|0.0|0.0|0|196.04|90.6|8
portugal|viana-do-castelo|2024-01-01|0.0|0.0|0|169.79|94.33|7
portugal|chaves|2024-01-01|0.0|0.0|0|197.28|103.61|7
portugal|vila-real|2024-01-01|0.0|0.0|0|173.51|101.9|7
portugal|sao-joao-de-lourosa|2024-01-01|0.0|0.0|0|184.89|106.51|7
portugal|tondela|2024-01-01|0.0|0.0|0|119.13|93.62|7
portugal|viseu|2024-01-01|0.0|0.0|0|145.54|92.47|7
portugal|evora|2024-01-01|0.0|0.0|0|141.32|93.31|6
qatar|al-daayen|2024-01-01|426.22|34.2|20|234.02|165.5|4
qatar|al-khor|2024-01-01|174.74|22.16|21|116.51|113.39|4
qatar|al-rayyan|2024-01-01|372.01|30.88|19|172.38|128.19|4
qatar|al-wakrah|2024-01-01|242.74|25.37|20|248.32|182.04|4
qatar|al-shahaniya|2024-01-01|0.0|0.0|0|123.58|94.71|3
qatar|doha|2024-01-01|318.37|32.47|19|127.12|109.26|4
qatar|umm-salal|2024-01-01|422.49|30.67|20|198.3|143.35|4
qatar|al-khor|2024-01-01|0.0|0.0|0|99.43|96.58|4
qatar|ar-rayyan|2024-01-01|346.45|32.82|19|184.97|133.36|4
qatar|al-wakrah|2024-01-01|0.0|0.0|0|269.49|162.64|4
qatar|al-wukair|2024-01-01|0.0|0.0|0|286.2|221.29|4
qatar|doha|2024-01-01|303.27|31.53|19|126.62|109.12|4
qatar|lusail|2024-01-01|0.0|0.0|0|186.97|135.7|3
qatar|umm-salal-muhammed|2024-01-01|0.0|0.0|0|197.23|150.4|4
romania|alba-county|2024-01-01|37.26|8.49|25|159.79|94.38|12
romania|arad-county|2024-01-01|59.84|16.97|26|198.66|152.83|3
romania|arges-county|2024-01-01|52.28|12.16|20|181.16|138.95|5
romania|bacau-county|2024-01-01|38.55|10.46|25|205.03|103.99|6
romania|bihor-county|2024-01-01|65.3|17.45|26|192.28|150.65|5
romania|bistrita-nasaud-county|2024-01-01|0.0|0.0|0|158.27|94.45|15
romania|botosani-county|2024-01-01|33.19|8.69|33|179.87|94.3|16
romania|brasov-county|2024-01-01|66.93|13.41|23|216.28|166.37|3
romania|braila-county|2024-01-01|0.0|0.0|0|195.62|101.37|9
romania|bucharest|2024-01-01|90.51|26.29|18|260.66|196.77|3
romania|buzau-county|2024-01-01|33.7|9.02|23|148.01|99.76|5
romania|caras-severin-county|2024-01-01|47.97|11.1|29|146.0|119.36|5
romania|cluj-county|2024-01-01|67.41|13.5|23|245.77|146.59|4
romania|constanta-county|2024-01-01|64.99|14.58|21|196.96|147.54|4
romania|covasna-county|2024-01-01|0.0|0.0|0|111.96|93.07|9
romania|dolj-county|2024-01-01|69.57|14.95|22|203.32|151.97|7
romania|dambovita-county|2024-01-01|36.11|9.58|20|258.48|94.64|6
romania|galati|2024-01-01|59.62|14.01|26|175.38|97.61|11
romania|giurgiu-county|2024-01-01|34.39|9.04|20|195.11|126.1|4
romania|gorj-county|2024-01-01|48.09|11.34|28|153.79|102.82|10
romania|harghita-county|2024-01-01|29.85|9.58|29|94.8|83.69|10
romania|hunedoara-county|2024-01-01|49.36|12.24|26|236.44|121.02|9
romania|ialomita-county|2024-01-01|0.0|0.0|0|180.0|97.95|7
romania|iasi-county|2024-01-01|59.85|12.95|30|249.18|187.76|4
romania|ilfov-county|2024-01-01|57.16|13.13|19|245.25|199.58|3
romania|judetul-calarasi|2024-01-01|0.0|0.0|0|169.48|94.6|6
romania|maramures-county|2024-01-01|51.75|14.6|27|154.84|116.7|16
romania|mehedinti-county|2024-01-01|0.0|0.0|0|177.94|127.5|10
romania|mures-county|2024-01-01|52.98|14.24|26|160.88|119.75|4
romania|neamt-county|2024-01-01|38.83|9.95|31|201.83|94.27|11
romania|olt-county|2024-01-01|48.79|12.23|24|149.25|109.16|8
romania|prahova|2024-01-01|47.76|12.0|20|200.26|69.66|6
romania|satu-mare-county|2024-01-01|0.0|0.0|0|150.36|123.66|10
romania|sibiu|2024-01-01|58.49|14.97|24|187.68|160.2|12
romania|suceava-county|2024-01-01|33.84|10.8|30|143.29|85.15|16
romania|salaj|2024-01-01|0.0|0.0|0|93.97|94.49|15
romania|teleorman-county|2024-01-01|0.0|0.0|0|109.59|101.72|5
romania|timis-county|2024-01-01|65.25|13.46|27|266.73|190.71|4
romania|tulcea-county|2024-01-01|0.0|0.0|0|187.17|98.18|10
romania|vaslui-county|2024-01-01|0.0|0.0|0|140.07|116.93|8
romania|vrancea-county|2024-01-01|30.37|8.26|32|129.5|94.1|9
romania|valcea-county|2024-01-01|40.62|11.63|26|167.76|129.82|7
romania|alba-iulia|2024-01-01|0.0|0.0|0|176.6|85.83|12
romania|arad|2024-01-01|83.28|23.98|24|203.5|171.96|3
romania|curtea-de-arges|2024-01-01|0.0|0.0|0|177.63|94.1|6
romania|mioveni|2024-01-01|0.0|0.0|0|91.33|92.5|5
romania|pitesti|2024-01-01|0.0|0.0|0|218.36|168.87|5
romania|bacau|2024-01-01|0.0|0.0|0|253.66|94.84|4
romania|onesti|2024-01-01|0.0|0.0|0|164.03|151.64|5
romania|oradea|2024-01-01|85.4|21.5|25|212.29|165.68|5
romania|bistrita|2024-01-01|0.0|0.0|0|188.91|91.22|13
romania|botosani|2024-01-01|0.0|0.0|0|195.8|91.15|15
romania|brasov|2024-01-01|81.95|18.6|22|231.99|182.64|3
romania|codlea|2024-01-01|0.0|0.0|0|229.33|205.61|3
romania|braila|2024-01-01|0.0|0.0|0|229.02|97.6|9
romania|bucharest|2024-01-01|90.51|26.29|18|260.66|196.77|3
romania|buzau|2024-01-01|0.0|0.0|0|153.88|93.53|6
romania|ramnicu-sarat|2024-01-01|0.0|0.0|0|94.86|94.78|5
romania|resita|2024-01-01|0.0|0.0|0|223.42|174.14|6
romania|cluj-napoca|2024-01-01|79.13|14.79|21|250.77|145.64|4
romania|dej|2024-01-01|0.0|0.0|0|193.63|93.51|14
romania|floresti|2024-01-01|0.0|0.0|0|244.96|184.08|4
romania|turda|2024-01-01|0.0|0.0|0|275.54|135.22|4
romania|constanta|2024-01-01|74.93|17.29|20|226.58|171.35|4
romania|mamaia-sat|2024-01-01|0.0|0.0|0|91.36|93.73|5
romania|medgidia|2024-01-01|0.0|0.0|0|196.37|92.01|5
romania|sfantu-gheorghe|2024-01-01|0.0|0.0|0|232.9|103.8|9
romania|craiova|2024-01-01|85.88|18.33|22|219.5|181.69|7
romania|targoviste|2024-01-01|0.0|0.0|0|194.7|93.5|6
romania|galati|2024-01-01|81.31|19.62|25|208.6|129.47|11
romania|tecuci|2024-01-01|0.0|0.0|0|106.95|56.03|10
romania|giurgiu|2024-01-01|0.0|0.0|0|125.36|94.78|5
romania|targu-jiu|2024-01-01|0.0|0.0|0|185.64|139.39|10
romania|gheorgheni|2024-01-01|0.0|0.0|0|111.68|122.78|10
romania|miercurea-ciuc|2024-01-01|0.0|0.0|0|136.28|70.56|10
romania|odorheiu-secuiesc|2024-01-01|0.0|0.0|0|109.08|78.0|9
romania|deva|2024-01-01|0.0|0.0|0|256.73|148.47|6
romania|hunedoara|2024-01-01|0.0|0.0|0|203.15|188.63|6
romania|petrosani|2024-01-01|0.0|0.0|0|192.8|25.03|16
romania|slobozia|2024-01-01|0.0|0.0|0|142.04|94.36|6
romania|iasi|2024-01-01|73.61|15.0|29|270.56|211.89|3
romania|pascani|2024-01-01|0.0|0.0|0|89.11|91.61|10
romania|berceni|2024-01-01|0.0|0.0|0|281.96|254.28|3
romania|bragadiru|2024-01-01|0.0|0.0|0|263.41|223.48|3
romania|buftea|2024-01-01|0.0|0.0|0|283.32|222.7|3
romania|corbeanca|2024-01-01|0.0|0.0|0|211.34|187.25|3
romania|domnesti|2024-01-01|0.0|0.0|0|228.21|214.19|3
romania|otopeni|2024-01-01|0.0|0.0|0|168.87|142.18|3
romania|pantelimon|2024-01-01|0.0|0.0|0|275.01|235.31|2
romania|popesti-leordeni|2024-01-01|0.0|0.0|0|253.48|228.3|3
romania|rosu|2024-01-01|0.0|0.0|0|294.27|274.05|2
romania|voluntari|2024-01-01|0.0|0.0|0|242.08|174.94|3
romania|baia-mare|2024-01-01|0.0|0.0|0|210.36|172.72|12
romania|sighetu-marmatiei|2024-01-01|0.0|0.0|0|132.56|93.14|20
romania|drobeta-turnu-severin|2024-01-01|0.0|0.0|0|224.95|166.78|9
romania|sighisoara|2024-01-01|0.0|0.0|0|187.05|141.28|5
romania|targu-mures|2024-01-01|68.0|19.87|25|178.66|145.4|3
romania|piatra-neamt|2024-01-01|0.0|0.0|0|209.09|164.24|10
romania|roman|2024-01-01|0.0|0.0|0|256.51|152.66|9
romania|slatina|2024-01-01|0.0|0.0|0|141.5|117.02|7
romania|campina|2024-01-01|0.0|0.0|0|225.76|94.76|5
romania|ploiesti|2024-01-01|79.19|17.9|18|226.91|26.23|7
romania|satu-mare|2024-01-01|0.0|0.0|0|183.6|142.15|10
romania|medias|2024-01-01|0.0|0.0|0|154.09|148.12|13
romania|sibiu|2024-01-01|78.67|18.93|23|201.5|165.99|12
romania|selimbar|2024-01-01|0.0|0.0|0|218.27|205.27|12
romania|radauti|2024-01-01|0.0|0.0|0|130.56|94.56|16
romania|suceava|2024-01-01|0.0|0.0|0|160.87|89.48|16
romania|zalau|2024-01-01|0.0|0.0|0|93.3|94.17|15
romania|alexandria|2024-01-01|0.0|0.0|0|152.56|114.96|5
romania|dumbravita|2024-01-01|0.0|0.0|0|268.59|220.12|3
romania|giroc|2024-01-01|0.0|0.0|0|301.46|217.63|5
romania|lugoj|2024-01-01|0.0|0.0|0|213.22|189.53|6
romania|timisoara|2024-01-01|83.44|16.52|26|282.72|201.77|4
romania|tulcea|2024-01-01|0.0|0.0|0|170.52|88.04|10
romania|focsani|2024-01-01|0.0|0.0|0|171.76|73.7|9
romania|ramnicu-valcea|2024-01-01|0.0|0.0|0|243.55|204.06|7
russia|adygea|2024-01-01|19.51|6.18|31|82.02|82.13|5
russia|altai-krai|2024-01-01|23.97|8.28|29|86.66|90.54|6
russia|altai-republic|2024-01-01|30.78|9.74|33|51.86|53.39|15
russia|amur-oblast|2024-01-01|22.89|9.94|50|75.51|81.1|5
russia|arkhangelsk-oblast|2024-01-01|24.04|8.43|51|71.64|81.78|26
russia|astrakhan-oblast|2024-01-01|22.7|9.15|55|85.25|92.8|2
russia|belgorod-oblast|2024-01-01|18.65|4.66|51|62.62|72.19|5
russia|bryansk-oblast|2024-01-01|18.13|6.37|44|86.07|92.21|2
russia|buryatia|2024-01-01|25.04|9.87|59|81.87|92.96|3
russia|chechnya|2024-01-01|20.07|7.95|49|36.14|39.56|4
russia|chelyabinsk-oblast|2024-01-01|21.94|7.68|31|90.26|92.31|3
russia|chukotka-autonomous-okrug|2024-01-01|0.0|0.0|0|118.68|60.82|67
russia|chuvashia-republic|2024-01-01|23.69|7.86|44|81.17|88.12|8
russia|dagestan-republic|2024-01-01|22.19|6.83|59|62.46|70.68|3
russia|ingushetia|2024-01-01|26.67|9.92|43|50.41|51.44|3
russia|irkutsk-oblast|2024-01-01|21.48|7.07|46|83.92|90.49|3
russia|ivanovo-oblast|2024-01-01|26.96|10.65|39|82.16|87.66|4
russia|jewish-autonomous-oblast|2024-01-01|26.59|12.06|30|56.26|62.74|8
russia|kabardino-balkaria|2024-01-01|17.98|7.34|45|63.43|70.31|19
russia|kaliningrad-oblast|2024-01-01|25.84|9.0|50|68.6|75.25|3
russia|kalmykia|2024-01-01|25.67|11.1|59|84.15|86.39|4
russia|kaluga-oblast|2024-01-01|22.56|5.9|34|72.76|80.98|4
russia|kamchatka-krai|2024-01-01|26.34|9.96|50|79.32|80.04|3
russia|karachay-cherkessia|2024-01-01|16.61|7.1|36|50.58|57.04|9
russia|kemerovo-oblast|2024-01-01|29.52|9.4|31|88.87|92.69|5
russia|khabarovsk-krai|2024-01-01|24.82|10.55|33|82.74|87.23|6
russia|khanty-mansi-autonomous-okrug|2024-01-01|18.56|8.83|57|112.43|106.86|5
russia|kirov-oblast|2024-01-01|21.06|9.44|46|81.88|89.24|8
russia|komi-republic|2024-01-01|25.37|9.88|64|65.8|72.09|37
russia|kostroma-oblast|2024-01-01|28.18|9.13|39|65.69|72.54|5
russia|krasnodar-krai|2024-01-01|22.28|6.3|30|79.0|82.56|5
russia|krasnoyarsk-krai|2024-01-01|23.18|8.5|46|88.81|92.0|3
russia|kurgan-oblast|2024-01-01|15.41|6.98|35|91.94|93.83|3
russia|kursk-oblast|2024-01-01|19.55|5.96|46|74.25|83.06|3
russia|leningrad-oblast|2024-01-01|26.15|7.23|25|75.07|75.72|5
russia|lipetsk-oblast|2024-01-01|22.73|6.39|44|81.15|88.53|5
russia|magadan-oblast|2024-01-01|29.17|9.3|73|58.67|60.35|2
russia|mari-el-republic|2024-01-01|25.16|10.24|41|91.21|93.74|2
russia|mordovia|2024-01-01|28.47|7.81|37|76.37|84.95|6
russia|moscow|2024-01-01|44.85|13.86|21|94.12|94.28|4
russia|moscow-oblast|2024-01-01|34.72|9.47|23|81.29|87.38|4
russia|murmansk-oblast|2024-01-01|26.15|11.35|57|89.5|88.93|39
russia|nenets-autonomous-okrug|2024-01-01|0.0|0.0|0|41.55|37.05|50
russia|nizhny-novgorod-oblast|2024-01-01|25.23|7.97|32|85.14|91.75|3
russia|north-ossetia-alania|2024-01-01|26.07|8.01|44|81.31|86.93|3
russia|novgorod-oblast|2024-01-01|22.92|8.84|30|61.47|67.17|9
russia|novosibirsk-oblast|2024-01-01|25.64|9.0|22|91.29|93.8|3
russia|omsk-oblast|2024-01-01|28.8|9.5|37|92.43|93.6|3
russia|orenburg-oblast|2024-01-01|30.3|10.47|41|84.95|92.41|3
russia|oryol-oblast|2024-01-01|20.18|6.15|40|71.49|77.47|12
russia|penza-oblast|2024-01-01|25.96|8.92|37|87.35|93.08|2
russia|perm-krai|2024-01-01|21.52|8.92|35|92.61|93.91|5
russia|primorsky-krai|2024-01-01|27.34|10.27|34|83.5|87.82|4
russia|pskov-oblast|2024-01-01|22.81|9.33|32|56.62|59.82|3
russia|republic-of-bashkortostan|2024-01-01|27.73|8.9|49|79.77|87.25|3
russia|republic-of-karelia|2024-01-01|21.31|8.98|31|61.25|76.63|6
russia|republic-of-khakassia|2024-01-01|21.43|8.96|43|86.84|91.09|11
russia|rostov-oblast|2024-01-01|23.39|6.11|29|83.3|90.26|4
russia|ryazan-oblast|2024-01-01|22.44|6.07|32|81.18|89.56|4
russia|saint-petersburg|2024-01-01|30.35|11.22|22|90.85|93.29|4
russia|sakha-republic|2024-01-01|21.77|10.42|90|66.74|74.38|11
russia|sakhalin-oblast|2024-01-01|31.92|11.8|47|85.31|86.36|21
russia|samara-oblast|2024-01-01|22.76|9.23|32|79.32|87.49|3
russia|saratov-oblast|2024-01-01|23.94|8.05|40|88.43|92.82|4
russia|smolensk-oblast|2024-01-01|23.87|8.29|39|73.44|81.7|6
russia|stavropol-krai|2024-01-01|23.72|8.75|31|78.48|85.7|5
russia|sverdlovsk-oblast|2024-01-01|23.1|7.91|26|89.1|92.18|3
russia|tambov-oblast|2024-01-01|25.41|6.9|45|79.36|87.16|5
russia|tatarstan|2024-01-01|25.3|7.76|36|85.45|89.27|4
russia|tomsk-oblast|2024-01-01|29.61|10.17|28|93.36|94.05|2
russia|tula-oblast|2024-01-01|25.28|6.68|34|80.7|86.93|3
russia|tuva|2024-01-01|22.32|11.47|51|41.67|81.79|15
russia|tver-oblast|2024-01-01|18.74|5.94|37|63.34|71.87|7
russia|tyumen-oblast|2024-01-01|22.79|9.93|34|91.72|93.17|4
russia|udmurt-republic|2024-01-01|22.9|8.95|45|88.46|93.1|3
russia|ulyanovsk-oblast|2024-01-01|24.03|8.72|33|85.71|91.74|5
russia|vladimir-oblast|2024-01-01|24.5|7.09|32|63.12|70.58|6
russia|volgograd-oblast|2024-01-01|25.96|8.98|49|88.41|92.79|3
russia|vologda-oblast|2024-01-01|26.65|10.61|39|83.81|78.5|20
russia|voronezh-oblast|2024-01-01|23.78|5.47|58|73.37|82.68|4
russia|yamalo-nenets-autonomous-okrug|2024-01-01|12.56|6.32|70|94.72|94.29|11
russia|yaroslavl-oblast|2024-01-01|23.69|7.94|35|81.88|88.68|3
russia|zabaykalsky-krai|2024-01-01|16.36|8.33|66|61.79|66.59|36
russia|maykop|2024-01-01|19.75|6.49|34|52.33|53.7|6
russia|novaya-adygeya|2024-01-01|0.0|0.0|0|70.48|72.75|5
russia|yablonovsky|2024-01-01|0.0|0.0|0|74.15|81.0|3
russia|barnaul|2024-01-01|24.14|8.99|26|88.09|91.37|5
russia|biysk|2024-01-01|0.0|0.0|0|64.05|70.84|8
russia|novoaltaysk|2024-01-01|0.0|0.0|0|73.07|82.72|5
russia|zarinsk|2024-01-01|0.0|0.0|0|75.56|85.61|6
russia|belogorsk|2024-01-01|0.0|0.0|0|54.89|66.59|7
russia|blagoveshchensk|2024-01-01|26.76|10.03|45|65.45|71.29|5
russia|svobodny|2024-01-01|0.0|0.0|0|87.14|88.97|6
russia|arkhangelsk|2024-01-01|32.2|11.1|47|64.7|76.8|26
russia|kotlas|2024-01-01|0.0|0.0|0|46.94|48.69|17
russia|novodvinsk|2024-01-01|0.0|0.0|0|48.58|56.7|26
russia|severodvinsk|2024-01-01|29.35|9.13|48|93.58|93.95|25
russia|velsk|2024-01-01|0.0|0.0|0|46.04|58.44|3
russia|astrakhan|2024-01-01|23.34|9.87|54|78.24|89.43|2
russia|belgorod|2024-01-01|26.34|5.23|48|76.63|88.76|3
russia|gubkin|2024-01-01|0.0|0.0|0|52.9|63.42|4
russia|stary-oskol|2024-01-01|22.76|5.66|52|57.98|67.77|10
russia|bryansk|2024-01-01|18.45|6.96|41|91.06|93.75|2
russia|severobaykalsk|2024-01-01|0.0|0.0|0|55.46|64.73|3
russia|ulan-ude|2024-01-01|24.1|10.62|55|81.69|92.45|3
russia|grozny|2024-01-01|19.3|7.58|49|35.43|39.26|4
russia|gudermes|2024-01-01|0.0|0.0|0|31.19|34.7|4
russia|chelyabinsk|2024-01-01|23.12|8.37|28|91.59|92.99|3
russia|kopeysk|2024-01-01|0.0|0.0|0|83.62|89.34|3
russia|magnitogorsk|2024-01-01|21.47|7.91|38|89.41|93.16|2
russia|miass|2024-01-01|0.0|0.0|0|87.39|89.74|4
russia|ozersk|2024-01-01|0.0|0.0|0|86.49|89.84|4
russia|snezhinsk|2024-01-01|0.0|0.0|0|162.18|145.76|12
russia|troitsk|2024-01-01|0.0|0.0|0|68.22|75.75|5
russia|zlatoust|2024-01-01|0.0|0.0|0|81.08|86.11|5
russia|anadyr|2024-01-01|0.0|0.0|0|122.39|87.33|67
russia|cheboksary|2024-01-01|26.05|9.07|44|92.19|93.82|4
russia|novocheboksarsk|2024-01-01|0.0|0.0|0|63.91|71.23|4
russia|buynaksk|2024-01-01|0.0|0.0|0|61.76|68.78|3
russia|derbent|2024-01-01|0.0|0.0|0|46.28|50.0|4
russia|izberbash|2024-01-01|0.0|0.0|0|53.65|61.68|2
russia|kaspiysk|2024-01-01|0.0|0.0|0|57.88|60.68|2
russia|khasavyurt|2024-01-01|0.0|0.0|0|71.41|75.18|3
russia|makhachkala|2024-01-01|19.89|6.56|58|72.42|79.64|2
russia|angarsk|2024-01-01|22.68|7.49|42|87.85|93.27|3
russia|bratsk|2024-01-01|21.01|7.61|52|78.92|85.54|3
russia|cheremkhovo|2024-01-01|0.0|0.0|0|48.42|52.66|7
russia|irkutsk|2024-01-01|25.0|7.96|45|88.53|92.8|3
russia|shelekhov|2024-01-01|0.0|0.0|0|85.06|76.82|3
russia|tayshet|2024-01-01|0.0|0.0|0|46.74|52.96|9
russia|tulun|2024-01-01|0.0|0.0|0|45.28|47.7|3
russia|usolye-sibirskoye|2024-01-01|0.0|0.0|0|59.85|74.16|5
russia|ust-ilimsk|2024-01-01|0.0|0.0|0|59.79|72.56|2
russia|ivanovo|2024-01-01|27.52|11.5|38|87.92|92.37|3
russia|kineshma|2024-01-01|0.0|0.0|0|49.89|56.54|5
russia|chegem|2024-01-01|0.0|0.0|0|77.91|76.26|19
russia|nalchik|2024-01-01|19.7|7.63|42|62.52|68.94|18
russia|kaliningrad|2024-01-01|32.66|10.33|50|68.34|74.89|3
russia|zelenogradsk|2024-01-01|0.0|0.0|0|53.54|64.19|4
russia|elista|2024-01-01|26.19|11.3|59|82.5|83.39|5
russia|kaluga|2024-01-01|22.41|6.65|33|83.28|90.69|3
russia|maloyaroslavets|2024-01-01|0.0|0.0|0|52.55|55.56|7
russia|obninsk|2024-01-01|26.13|5.26|33|67.52|74.55|3
russia|petropavlovsk-kamchatskiy|2024-01-01|28.31|12.24|49|73.81|77.04|3
russia|cherkessk|2024-01-01|22.11|8.13|31|51.6|60.67|7
russia|anzhero-sudzhensk|2024-01-01|0.0|0.0|0|56.79|63.47|4
russia|kemerovo|2024-01-01|36.38|11.12|26|89.69|93.21|3
russia|kiselyovsk|2024-01-01|0.0|0.0|0|91.75|93.08|9
russia|leninsk-kuznetskiy|2024-01-01|0.0|0.0|0|85.92|93.12|4
russia|mezhdurechensk|2024-01-01|0.0|0.0|0|94.19|94.55|1
russia|novokuznetsk|2024-01-01|29.14|9.93|33|89.11|92.71|6
russia|polysayevo|2024-01-01|0.0|0.0|0|74.98|85.67|5
russia|prokopyevsk|2024-01-01|0.0|0.0|0|90.05|89.58|5
russia|gorod-khabarovsk|2024-01-01|27.98|11.7|29|80.27|87.34|3
russia|komsomolsk-on-amur|2024-01-01|26.46|10.4|42|87.76|91.72|9
russia|khanty-mansiysk|2024-01-01|27.42|13.74|56|190.96|162.42|10
russia|kogalym|2024-01-01|0.0|0.0|0|198.46|218.76|6
russia|langepas|2024-01-01|0.0|0.0|0|95.12|110.88|5
russia|megion|2024-01-01|0.0|0.0|0|73.78|89.06|4
russia|nefteyugansk|2024-01-01|0.0|0.0|0|92.58|94.57|3
russia|nizhnevartovsk|2024-01-01|25.5|12.71|55|91.46|93.82|4
russia|nyagan|2024-01-01|0.0|0.0|0|129.93|117.14|15
russia|surgut|2024-01-01|23.5|12.36|53|140.14|126.84|3
russia|yugorsk|2024-01-01|0.0|0.0|0|87.43|93.34|19
russia|kirov|2024-01-01|24.18|11.15|44|91.1|93.27|6
russia|kirovo-chepetsk|2024-01-01|0.0|0.0|0|61.15|76.69|8
russia|vyatskiye-polyany|2024-01-01|0.0|0.0|0|43.68|46.45|9
russia|pechora|2024-01-01|0.0|0.0|0|52.28|67.62|10
russia|syktyvkar|2024-01-01|31.81|10.56|55|73.49|86.97|36
russia|ukhta|2024-01-01|0.0|0.0|0|128.01|75.18|40
russia|usinsk|2024-01-01|0.0|0.0|0|71.2|84.16|2
russia|vorkuta|2024-01-01|0.0|0.0|0|48.43|51.04|46
russia|kostroma|2024-01-01|30.74|9.74|37|68.03|75.12|4
russia|abinsk|2024-01-01|0.0|0.0|0|110.84|108.92|4
russia|adler|2024-01-01|29.42|9.4|32|59.62|64.66|4
russia|adlerskiy|2024-01-01|0.0|0.0|0|77.17|81.59|4
russia|anapa|2024-01-01|31.1|5.74|30|57.94|59.65|6
russia|apsheronsk|2024-01-01|0.0|0.0|0|66.64|74.6|7
russia|armavir|2024-01-01|17.35|5.44|35|64.32|79.96|7
russia|avtomobilist|2024-01-01|0.0|0.0|0|92.72|93.26|2
russia|belorechensk|2024-01-01|0.0|0.0|0|79.94|80.16|6
russia|bolshoy-sochi|2024-01-01|36.89|7.52|30|79.54|84.58|3
russia|dinskaya|2024-01-01|0.0|0.0|0|63.91|67.19|4
russia|gelendzhik|2024-01-01|32.55|5.95|30|56.18|62.71|8
russia|goryachy-klyuch|2024-01-01|0.0|0.0|0|60.17|73.71|7
russia|gulkevichi|2024-01-01|0.0|0.0|0|73.05|88.96|9
russia|kanevskaya|2024-01-01|0.0|0.0|0|46.5|48.68|7
russia|khostinskiy|2024-01-01|0.0|0.0|0|82.26|89.57|2
russia|korenovsk|2024-01-01|0.0|0.0|0|69.25|77.68|5
russia|krasnodar|2024-01-01|20.96|7.14|27|83.91|88.87|4
russia|kropotkin|2024-01-01|0.0|0.0|0|63.52|68.56|8
russia|krymsk|2024-01-01|0.0|0.0|0|60.23|60.86|7
russia|kurganinsk|2024-01-01|0.0|0.0|0|84.0|86.01|9
russia|labinsk|2024-01-01|0.0|0.0|0|54.85|57.85|13
russia|leningradskaya|2024-01-01|0.0|0.0|0|88.64|91.85|3
russia|matsesta-microdistrict|2024-01-01|0.0|0.0|0|79.04|83.62|2
russia|novokubansk|2024-01-01|0.0|0.0|0|82.65|88.46|10
russia|novorossiysk|2024-01-01|18.85|4.76|33|65.33|66.93|7
russia|novotitarovskaya|2024-01-01|0.0|0.0|0|73.96|84.1|4
russia|novyy-sochi|2024-01-01|0.0|0.0|0|66.01|75.65|2
russia|primorsko-akhtarsk|2024-01-01|0.0|0.0|0|48.64|52.9|7
russia|slavyansk-na-kubani|2024-01-01|0.0|0.0|0|52.06|58.92|4
russia|sochi|2024-01-01|24.9|7.16|33|62.41|67.05|3
russia|starominskaya|2024-01-01|0.0|0.0|0|82.14|88.4|12
russia|temryuk|2024-01-01|0.0|0.0|0|50.78|52.98|7
russia|tikhoretsk|2024-01-01|0.0|0.0|0|52.8|54.29|6
russia|timashevsk|2024-01-01|0.0|0.0|0|64.99|69.43|8
russia|tuapse|2024-01-01|0.0|0.0|0|48.0|53.68|6
russia|ust-labinsk|2024-01-01|0.0|0.0|0|66.96|67.26|6
russia|vyselki|2024-01-01|0.0|0.0|0|63.37|61.77|10
russia|yeysk|2024-01-01|0.0|0.0|0|41.89|48.06|10
russia|yuzhnyy|2024-01-01|0.0|0.0|0|91.91|92.68|3
russia|yuzhnyy|2024-01-01|0.0|0.0|0|91.91|92.68|3
russia|achinsk|2024-01-01|0.0|0.0|0|65.76|64.18|5
russia|kansk|2024-01-01|0.0|0.0|0|75.54|88.13|6
russia|krasnoyarsk|2024-01-01|26.43|10.26|41|91.25|93.32|3
russia|minusinsk|2024-01-01|0.0|0.0|0|55.84|64.39|10
russia|nazarovo|2024-01-01|0.0|0.0|0|81.78|90.64|5
russia|norilsk|2024-01-01|20.57|5.29|74|13.4|9.27|11
russia|sharypovo|2024-01-01|0.0|0.0|0|73.05|83.57|8
russia|zheleznogorsk|2024-01-01|0.0|0.0|0|75.69|80.25|4
russia|kurgan|2024-01-01|17.5|6.32|34|93.49|94.25|2
russia|kursk|2024-01-01|22.69|6.9|44|79.4|84.13|2
russia|zheleznogorsk|2024-01-01|0.0|0.0|0|73.91|86.1|4
russia|gatchina|2024-01-01|27.08|9.6|24|0.0|0.0|0
russia|kingisepp|2024-01-01|0.0|0.0|0|68.83|84.14|2
russia|kirishi|2024-01-01|0.0|0.0|0|75.26|90.38|2
russia|luga|2024-01-01|0.0|0.0|0|53.04|40.59|4
russia|murino|2024-01-01|0.0|0.0|0|93.04|93.96|3
russia|sertolovo|2024-01-01|0.0|0.0|0|64.99|84.94|3
russia|sosnovy-bor|2024-01-01|0.0|0.0|0|88.66|92.59|6
russia|tikhvin|2024-01-01|0.0|0.0|0|69.53|70.12|9
russia|tosno|2024-01-01|0.0|0.0|0|81.17|85.3|4
russia|vsevolozhsk|2024-01-01|34.38|8.92|24|75.11|86.63|3
russia|vyborg|2024-01-01|0.0|0.0|0|76.89|88.8|5
russia|lipetsk|2024-01-01|25.54|6.84|43|84.97|91.0|3
russia|yelets|2024-01-01|0.0|0.0|0|49.68|49.58|6
russia|magadan|2024-01-01|34.03|10.69|70|52.21|49.85|3
russia|yoshkar-ola|2024-01-01|26.37|12.16|40|93.41|94.07|2
russia|saransk|2024-01-01|30.08|9.42|37|71.3|80.48|3
russia|moscow|2024-01-01|45.5|14.01|21|94.13|94.29|4
russia|nekrasovka-district|2024-01-01|18.26|7.77|23|93.28|93.4|4
russia|vatutinki|2024-01-01|0.0|0.0|0|76.9|79.96|3
russia|vnukovo|2024-01-01|45.93|17.65|22|98.96|105.95|4
russia|zelenograd|2024-01-01|33.44|8.91|22|97.79|94.82|4
russia|aprelevka|2024-01-01|0.0|0.0|0|76.26|80.66|4
russia|balashikha|2024-01-01|34.67|11.73|22|90.77|93.52|4
russia|bykovo|2024-01-01|0.0|0.0|0|64.08|68.55|3
russia|chekhov|2024-01-01|29.54|11.45|26|55.74|66.62|4
russia|dmitrov|2024-01-01|26.6|9.27|23|79.75|86.8|3
russia|dolgoprudny|2024-01-01|31.17|9.53|21|88.14|89.03|4
russia|domodedovo|2024-01-01|36.92|11.17|22|89.18|91.44|4
russia|drozhzhino|2024-01-01|0.0|0.0|0|90.4|93.11|4
russia|dubna|2024-01-01|0.0|0.0|0|91.86|93.54|6
russia|dzerzhinsky|2024-01-01|0.0|0.0|0|73.86|77.47|3
russia|elektrostal|2024-01-01|28.78|10.36|22|85.05|89.39|5
russia|innovatsionnyy-tsentr-skolkovo|2024-01-01|0.0|0.0|0|93.87|94.27|3
russia|istra|2024-01-01|0.0|0.0|0|72.38|74.38|2
russia|ivanteyevka|2024-01-01|0.0|0.0|0|62.91|65.7|3
russia|khimki|2024-01-01|35.86|11.6|22|93.65|94.17|4
russia|khotkovo|2024-01-01|0.0|0.0|0|73.26|77.55|3
russia|klimovsk|2024-01-01|0.0|0.0|0|63.36|76.65|3
russia|klin|2024-01-01|34.23|10.38|23|72.0|80.71|5
russia|kolomna|2024-01-01|31.8|10.03|24|63.71|78.89|7
russia|kommunarka|2024-01-01|0.0|0.0|0|120.27|124.36|4
russia|korolyov|2024-01-01|36.87|12.05|21|86.42|93.27|3
russia|kotelniki|2024-01-01|21.66|7.41|23|90.72|93.37|3
russia|kraskovo|2024-01-01|0.0|0.0|0|67.5|75.83|4
russia|krasnogorsk|2024-01-01|36.32|11.19|21|89.11|93.28|4
russia|krasnoznamensk|2024-01-01|0.0|0.0|0|60.13|66.63|4
russia|kratovo|2024-01-01|0.0|0.0|0|87.47|90.91|2
russia|kubinka|2024-01-01|0.0|0.0|0|89.1|92.4|2
russia|lobnya|2024-01-01|31.03|10.65|22|72.16|84.43|4
russia|lukhovitsy|2024-01-01|0.0|0.0|0|43.82|51.93|7
russia|lytkarino|2024-01-01|0.0|0.0|0|65.46|71.76|3
russia|lyubertsy|2024-01-01|25.91|11.43|22|92.15|93.85|4
russia|malakhovka|2024-01-01|0.0|0.0|0|70.62|71.08|5
russia|monino|2024-01-01|0.0|0.0|0|89.37|93.64|2
russia|mozhaysk|2024-01-01|0.0|0.0|0|81.54|84.86|4
russia|mytishchi|2024-01-01|30.82|10.09|21|86.3|91.27|3
russia|nakhabino|2024-01-01|0.0|0.0|0|76.01|87.21|3
russia|naro-fominsk|2024-01-01|0.0|0.0|0|54.93|64.69|7
russia|nemchinovka|2024-01-01|0.0|0.0|0|94.28|94.05|3
russia|noginsk|2024-01-01|36.89|9.5|23|58.27|71.28|4
russia|odintsovo|2024-01-01|25.83|8.65|22|90.26|93.29|3
russia|oktyabrsky|2024-01-01|0.0|0.0|0|77.26|80.17|4
russia|orekhovo-zuyevo|2024-01-01|34.25|11.34|24|77.44|87.99|7
russia|ozyory|2024-01-01|0.0|0.0|0|59.99|80.32|7
russia|pavlovsky-posad|2024-01-01|0.0|0.0|0|61.21|65.11|5
russia|podolsk|2024-01-01|25.05|12.14|23|83.62|90.96|3
russia|protvino|2024-01-01|0.0|0.0|0|71.7|67.07|31
russia|pushkino|2024-01-01|38.34|11.59|22|76.85|74.24|3
russia|putilkovo|2024-01-01|0.0|0.0|0|86.08|87.99|4
russia|pykhtino|2024-01-01|0.0|0.0|0|94.03|94.74|3
russia|ramenskoye|2024-01-01|32.3|11.16|24|78.86|83.89|4
russia|rasskazovka|2024-01-01|0.0|0.0|0|107.17|95.31|4
russia|reutov|2024-01-01|32.33|11.8|21|82.28|82.58|5
russia|sergiev-posad|2024-01-01|29.72|8.91|25|64.25|76.83|4
russia|serpukhov|2024-01-01|30.92|9.9|27|61.24|71.06|4
russia|shatura|2024-01-01|0.0|0.0|0|74.01|80.33|6
russia|shchyolkovo|2024-01-01|32.72|9.81|23|69.38|79.27|3
russia|solnechnogorsk|2024-01-01|0.0|0.0|0|65.01|78.08|6
russia|staraya-kupavna|2024-01-01|0.0|0.0|0|78.51|85.04|3
russia|stupino|2024-01-01|0.0|0.0|0|61.5|89.3|6
russia|tomilino|2024-01-01|0.0|0.0|0|74.19|79.92|3
russia|vidnoye|2024-01-01|33.54|10.09|22|77.55|83.03|4
russia|vlasikha|2024-01-01|0.0|0.0|0|116.02|112.09|3
russia|vniissok|2024-01-01|0.0|0.0|0|91.12|93.28|3
russia|yegoryevsk|2024-01-01|0.0|0.0|0|52.66|56.61|4
russia|zagoryanskiy|2024-01-01|0.0|0.0|0|85.96|90.67|3
russia|zarechye|2024-01-01|0.0|0.0|0|100.86|103.19|3
russia|zavoda-mosrentgen|2024-01-01|0.0|0.0|0|93.92|94.34|3
russia|zheleznodorozhny|2024-01-01|33.18|11.41|23|90.27|93.66|4
russia|zhukovskiy|2024-01-01|35.07|12.47|22|88.6|93.02|5
russia|zvenigorod|2024-01-01|0.0|0.0|0|84.95|89.99|4
russia|apatity|2024-01-01|0.0|0.0|0|69.31|77.44|2
russia|monchegorsk|2024-01-01|0.0|0.0|0|59.64|86.28|38
russia|murmansk|2024-01-01|34.37|12.73|56|94.01|92.63|41
russia|severomorsk|2024-01-01|0.0|0.0|0|92.74|93.44|37
russia|naryan-mar|2024-01-01|0.0|0.0|0|47.71|42.9|50
russia|arzamas|2024-01-01|0.0|0.0|0|73.63|88.82|13
russia|dzerzhinsk|2024-01-01|22.06|8.58|31|72.17|85.27|3
russia|gorbatovka|2024-01-01|0.0|0.0|0|89.12|93.83|2
russia|kstovo|2024-01-01|0.0|0.0|0|69.75|82.49|3
russia|nizhny-novgorod|2024-01-01|26.24|8.73|31|91.64|93.74|3
russia|sarov|2024-01-01|0.0|0.0|0|50.51|61.76|7
russia|vyksa|2024-01-01|0.0|0.0|0|58.86|68.71|5
russia|zelyony-gorod|2024-01-01|0.0|0.0|0|77.41|91.09|4
russia|vladikavkaz|2024-01-01|32.95|9.21|43|78.08|84.04|3
russia|borovichi|2024-01-01|0.0|0.0|0|93.28|94.61|13
russia|veliky-novgorod|2024-01-01|29.59|11.03|27|59.77|59.07|7
russia|berdsk|2024-01-01|0.0|0.0|0|82.9|91.23|4
russia|iskitim|2024-01-01|0.0|0.0|0|77.34|87.6|4
russia|krasnoobsk|2024-01-01|0.0|0.0|0|89.49|93.44|3
russia|novosibirsk|2024-01-01|25.26|9.16|21|91.12|93.7|3
russia|tolmachevo|2024-01-01|0.0|0.0|0|94.81|96.69|4
russia|omsk|2024-01-01|29.96|9.34|36|92.4|93.59|3
russia|buzuluk|2024-01-01|0.0|0.0|0|54.2|63.48|4
russia|orenburg|2024-01-01|30.71|12.84|38|84.95|92.19|3
russia|orsk|2024-01-01|31.99|9.83|59|66.49|78.22|6
russia|oryol|2024-01-01|21.01|7.56|39|72.18|77.41|10
russia|kuznetsk|2024-01-01|0.0|0.0|0|50.08|55.79|5
russia|penza|2024-01-01|28.92|10.01|36|91.07|93.67|2
russia|berezniki|2024-01-01|0.0|0.0|0|49.0|62.38|11
russia|chaykovsky|2024-01-01|0.0|0.0|0|62.38|69.68|9
russia|lysva|2024-01-01|0.0|0.0|0|86.31|92.61|1
russia|perm|2024-01-01|24.12|9.63|34|93.38|94.0|4
russia|solikamsk|2024-01-01|0.0|0.0|0|58.09|79.77|11
russia|arsenyev|2024-01-01|0.0|0.0|0|82.97|89.82|6
russia|artem|2024-01-01|0.0|0.0|0|77.0|85.95|4
russia|nakhodka|2024-01-01|26.14|9.43|31|80.14|78.21|5
russia|ussuriysk|2024-01-01|28.64|12.38|33|69.7|76.5|4
russia|vladivostok|2024-01-01|29.43|10.05|32|88.03|92.39|3
russia|pskov|2024-01-01|29.57|13.13|28|64.02|68.38|2
russia|velikiye-luki|2024-01-01|0.0|0.0|0|69.68|71.1|3
russia|beloretsk|2024-01-01|0.0|0.0|0|57.56|69.16|7
russia|birsk|2024-01-01|0.0|0.0|0|54.14|75.67|5
russia|neftekamsk|2024-01-01|0.0|0.0|0|67.46|79.28|5
russia|oktyabrsky|2024-01-01|0.0|0.0|0|66.45|73.22|5
russia|salavat|2024-01-01|0.0|0.0|0|85.02|92.21|5
russia|sibay|2024-01-01|0.0|0.0|0|42.9|55.55|16
russia|sterlitamak|2024-01-01|28.69|10.49|52|65.79|83.66|5
russia|tuymazy|2024-01-01|0.0|0.0|0|47.18|54.91|7
russia|uchaly|2024-01-01|0.0|0.0|0|76.27|88.44|21
russia|ufa|2024-01-01|29.84|10.21|47|80.18|87.68|3
russia|kostomuksha|2024-01-01|0.0|0.0|0|108.83|219.36|31
russia|petrozavodsk|2024-01-01|30.53|11.94|28|51.42|59.26|6
russia|abakan|2024-01-01|20.43|9.55|43|85.26|90.89|10
russia|chernogorsk|2024-01-01|0.0|0.0|0|90.66|93.85|14
russia|aksay|2024-01-01|0.0|0.0|0|72.53|76.67|4
russia|azov|2024-01-01|0.0|0.0|0|63.43|83.06|3
russia|bataysk|2024-01-01|22.25|7.09|29|85.86|91.03|4
russia|donets%27k|2024-01-01|0.0|0.0|0|50.41|54.47|12
russia|kamensk-shakhtinsky|2024-01-01|0.0|0.0|0|58.91|77.69|15
russia|krivyanskaya|2024-01-01|0.0|0.0|0|83.78|86.66|6
russia|nakhichevan-on-don|2024-01-01|33.62|7.89|25|89.0|92.55|3
russia|novocherkassk|2024-01-01|27.05|6.79|31|67.24|81.63|5
russia|novoshakhtinsk|2024-01-01|0.0|0.0|0|62.39|66.3|6
russia|rostov-on-don|2024-01-01|25.27|6.57|25|86.25|91.4|3
russia|shakhty|2024-01-01|25.12|6.29|33|61.96|73.81|5
russia|taganrog|2024-01-01|26.59|5.73|25|87.44|93.36|3
russia|volgodonsk|2024-01-01|25.8|8.32|34|56.37|72.89|7
russia|zernograd|2024-01-01|0.0|0.0|0|91.22|93.67|5
russia|ryazan|2024-01-01|24.6|6.04|31|85.24|91.29|3
russia|kudrovo|2024-01-01|14.74|7.12|25|90.14|92.87|3
russia|saint-petersburg|2024-01-01|30.59|11.29|22|90.9|93.31|4
russia|lensk|2024-01-01|0.0|0.0|0|78.71|92.08|6
russia|mirny|2024-01-01|0.0|0.0|0|64.58|79.53|4
russia|neryungri|2024-01-01|0.0|0.0|0|87.93|91.33|10
russia|yakutsk|2024-01-01|22.81|11.92|88|69.24|76.47|12
russia|okha|2024-01-01|0.0|0.0|0|81.27|71.8|31
russia|yuzhno-sakhalinsk|2024-01-01|44.83|14.63|43|83.84|85.64|20
russia|chapayevsk|2024-01-01|0.0|0.0|0|49.13|59.63|4
russia|novokuybyshevsk|2024-01-01|0.0|0.0|0|74.35|81.42|3
russia|otradny|2024-01-01|0.0|0.0|0|70.37|87.92|4
russia|podstepki|2024-01-01|0.0|0.0|0|48.46|56.68|3
russia|samara|2024-01-01|22.55|9.57|30|81.89|89.01|2
russia|syzran|2024-01-01|26.41|8.55|31|81.42|91.8|6
russia|tolyatti|2024-01-01|23.59|9.53|35|72.09|79.95|4
russia|zhigulyovsk|2024-01-01|0.0|0.0|0|79.61|90.82|2
russia|balakovo|2024-01-01|19.92|9.64|39|71.0|82.96|11
russia|engels|2024-01-01|23.12|8.65|39|88.14|93.01|3
russia|saratov|2024-01-01|26.68|8.13|38|90.94|93.13|3
russia|smolensk|2024-01-01|28.45|10.1|37|75.14|83.47|3
russia|yartsevo|2024-01-01|0.0|0.0|0|50.48|29.16|12
russia|budyonnovsk|2024-01-01|0.0|0.0|0|60.7|61.17|9
russia|essentuki|2024-01-01|37.97|9.14|35|69.47|75.72|9
russia|essentukskaya|2024-01-01|0.0|0.0|0|88.48|93.24|4
russia|georgiyevsk|2024-01-01|0.0|0.0|0|61.58|78.4|3
russia|goryachevodsky|2024-01-01|0.0|0.0|0|66.95|67.67|6
russia|kislovodsk|2024-01-01|27.7|9.46|38|60.15|66.8|8
russia|lermontov|2024-01-01|0.0|0.0|0|68.79|84.3|2
russia|mikhaylovsk|2024-01-01|0.0|0.0|0|67.6|80.47|3
russia|mineralnye-vody|2024-01-01|23.19|9.35|34|63.09|72.65|10
russia|nevinnomyssk|2024-01-01|0.0|0.0|0|75.14|86.64|3
russia|pyatigorsk|2024-01-01|29.06|8.34|31|72.44|81.25|4
russia|stavropol|2024-01-01|25.6|9.71|26|76.2|83.55|3
russia|asbest|2024-01-01|0.0|0.0|0|66.78|72.9|5
russia|beryozovsky|2024-01-01|0.0|0.0|0|78.07|87.05|3
russia|kamensk-uralsky|2024-01-01|19.17|5.59|27|90.38|91.6|4
russia|krasnoturinsk|2024-01-01|0.0|0.0|0|62.8|77.56|9
russia|nizhny-tagil|2024-01-01|21.89|7.21|27|78.29|87.78|3
russia|novouralsk|2024-01-01|0.0|0.0|0|68.76|80.2|5
russia|pervouralsk|2024-01-01|0.0|0.0|0|77.35|84.19|3
russia|polevskoy|2024-01-01|0.0|0.0|0|62.47|40.08|4
russia|revda|2024-01-01|0.0|0.0|0|65.6|76.93|4
russia|serov|2024-01-01|0.0|0.0|0|76.07|78.48|12
russia|verkhnyaya-pyshma|2024-01-01|0.0|0.0|0|77.79|56.41|3
russia|verkhnyaya-salda|2024-01-01|0.0|0.0|0|76.41|86.94|2
russia|yekaterinburg|2024-01-01|26.61|9.15|23|91.27|93.48|3
russia|zarechnyy|2024-01-01|0.0|0.0|0|74.55|84.06|5
russia|michurinsk|2024-01-01|0.0|0.0|0|70.39|76.91|5
russia|tambov|2024-01-01|28.89|7.39|42|74.44|85.31|3
russia|almetyevsk|2024-01-01|18.32|7.11|38|62.87|68.38|11
russia|bugulma|2024-01-01|0.0|0.0|0|55.74|61.5|12
russia|kazan|2024-01-01|29.68|8.66|33|89.93|92.61|3
russia|leninogorsk|2024-01-01|0.0|0.0|0|55.82|66.34|13
russia|naberezhnye-chelny|2024-01-01|23.86|8.79|37|90.69|93.28|5
russia|nizhnekamsk|2024-01-01|23.41|9.63|37|81.56|86.4|6
russia|yelabuga|2024-01-01|0.0|0.0|0|63.39|67.56|8
russia|zainsk|2024-01-01|0.0|0.0|0|49.22|61.32|9
russia|zelenodolsk|2024-01-01|0.0|0.0|0|64.72|70.83|5
russia|seversk|2024-01-01|0.0|0.0|0|89.46|92.68|2
russia|strezhevoy|2024-01-01|0.0|0.0|0|94.54|94.61|4
russia|tomsk|2024-01-01|35.98|12.24|26|93.36|94.02|2
russia|novomoskovsk|2024-01-01|0.0|0.0|0|53.99|61.5|4
russia|tula|2024-01-01|28.3|7.72|33|89.18|92.05|3
russia|uzlovaya|2024-01-01|0.0|0.0|0|48.19|48.62|5
russia|kyzyl|2024-01-01|0.0|0.0|0|47.32|81.05|16
russia|bezhetsk|2024-01-01|0.0|0.0|0|57.66|58.18|22
russia|kimry|2024-01-01|0.0|0.0|0|52.0|65.68|7
russia|konakovo|2024-01-01|0.0|0.0|0|43.53|49.14|4
russia|rzhev|2024-01-01|0.0|0.0|0|43.28|55.83|14
russia|torzhok|2024-01-01|0.0|0.0|0|43.18|53.39|13
russia|tver|2024-01-01|21.69|7.11|37|77.16|84.73|3
russia|ishim|2024-01-01|0.0|0.0|0|66.69|84.69|21
russia|tobolsk|2024-01-01|0.0|0.0|0|65.61|81.48|9
russia|tyumen|2024-01-01|22.89|10.34|33|91.14|93.24|3
russia|glazov|2024-01-01|0.0|0.0|0|39.32|45.54|4
russia|izhevsk|2024-01-01|23.97|9.16|44|90.84|93.43|2
russia|sarapul|2024-01-01|0.0|0.0|0|62.12|73.28|4
russia|votkinsk|2024-01-01|0.0|0.0|0|72.48|85.57|4
russia|dimitrovgrad|2024-01-01|0.0|0.0|0|80.12|89.7|6
russia|ulyanovsk|2024-01-01|24.08|9.37|33|86.29|91.76|6
russia|alexandrov|2024-01-01|0.0|0.0|0|55.24|65.06|5
russia|gus-khrustalny|2024-01-01|0.0|0.0|0|48.32|54.1|5
russia|kirzhach|2024-01-01|0.0|0.0|0|47.0|49.61|4
russia|kolchugino|2024-01-01|0.0|0.0|0|54.2|59.06|4
russia|kovrov|2024-01-01|0.0|0.0|0|56.42|61.54|3
russia|murom|2024-01-01|0.0|0.0|0|55.75|65.75|8
russia|vladimir|2024-01-01|24.26|8.2|30|66.15|76.16|5
russia|krasnoslobodsk|2024-01-01|0.0|0.0|0|92.95|94.06|2
russia|volgograd|2024-01-01|28.6|9.2|47|90.08|93.39|2
russia|volzhskiy|2024-01-01|23.18|10.01|47|89.77|93.66|2
russia|cherepovets|2024-01-01|27.18|12.33|39|81.95|80.52|10
russia|vologda|2024-01-01|37.19|14.33|39|87.18|82.66|3
russia|borisoglebsk|2024-01-01|0.0|0.0|0|49.65|52.92|10
russia|liski|2024-01-01|0.0|0.0|0|39.31|46.77|12
russia|novaya-usman%27|2024-01-01|0.0|0.0|0|70.78|78.68|3
russia|rossosh|2024-01-01|0.0|0.0|0|55.49|63.9|6
russia|voronezh|2024-01-01|24.92|5.54|58|77.65|84.99|2
russia|nadym|2024-01-01|0.0|0.0|0|90.27|75.94|14
russia|novy-urengoy|2024-01-01|21.48|7.11|67|119.52|110.12|10
russia|noyabrsk|2024-01-01|0.0|0.0|0|118.4|102.73|5
russia|salekhard|2024-01-01|0.0|0.0|0|89.31|90.55|18
russia|pereslavl-zalessky|2024-01-01|0.0|0.0|0|42.65|48.41|13
russia|rybinsk|2024-01-01|25.63|9.89|38|50.6|56.59|4
russia|tutayev|2024-01-01|0.0|0.0|0|50.23|65.24|3
russia|yaroslavl|2024-01-01|28.07|9.93|33|91.67|93.83|2
russia|chita|2024-01-01|19.54|8.89|54|85.46|90.74|9
rwanda|kigali|2024-01-01|20.84|7.74|20|28.38|9.69|17
rwanda|southern-province|2024-01-01|0.0|0.0|0|18.6|9.65|10
rwanda|kigali|2024-01-01|21.28|7.73|20|28.36|9.69|17
saint-kitts-and-nevis|saint-george-basseterre-parish|2024-01-01|0.0|0.0|0|58.92|18.66|7
saint-lucia|castries|2024-01-01|0.0|0.0|0|98.21|26.69|27
saint-lucia|gros-islet|2024-01-01|0.0|0.0|0|84.72|22.2|38
saint-vincent-and-the-grenadines|saint-george|2024-01-01|0.0|0.0|0|69.56|21.62|9
san-marino|domagnano|2024-01-01|0.0|0.0|0|92.94|20.43|15
saudi-arabia|al-bahah-province|2024-01-01|116.14|16.69|33|73.74|21.79|26
saudi-arabia|al-jowf-province|2024-01-01|130.64|15.98|41|91.82|35.57|38
saudi-arabia|al-madinah-province|2024-01-01|130.88|17.96|30|101.82|57.81|13
saudi-arabia|al-qassim-province|2024-01-01|132.45|13.74|26|92.53|44.85|12
saudi-arabia|aseer-province|2024-01-01|89.76|15.74|37|76.17|25.21|27
saudi-arabia|eastern-province|2024-01-01|163.2|15.48|21|108.49|51.96|8
saudi-arabia|hail-province|2024-01-01|89.61|11.98|35|97.2|36.45|23
saudi-arabia|jazan-province|2024-01-01|55.4|10.33|38|51.34|18.81|33
saudi-arabia|makkah-province|2024-01-01|134.47|17.03|25|98.45|45.72|10
saudi-arabia|najran-province|2024-01-01|102.03|13.67|42|77.65|27.48|33
saudi-arabia|northern-borders-province|2024-01-01|136.69|15.94|41|103.29|39.41|32
saudi-arabia|riyadh-province|2024-01-01|206.71|19.0|21|132.5|60.91|6
saudi-arabia|tabuk-province|2024-01-01|38.9|8.37|46|99.82|48.24|27
saudi-arabia|al-bahah|2024-01-01|253.75|25.04|31|105.44|38.57|14
saudi-arabia|al-qurayyat|2024-01-01|160.57|18.06|42|102.0|40.01|44
saudi-arabia|sakaka|2024-01-01|225.73|22.23|38|111.94|43.35|37
saudi-arabia|alula|2024-01-01|92.85|13.87|35|0.0|0.0|0
saudi-arabia|badr|2024-01-01|105.75|20.3|29|0.0|0.0|0
saudi-arabia|medina|2024-01-01|194.18|21.64|28|105.54|64.25|12
saudi-arabia|yanbu|2024-01-01|113.92|13.38|30|92.93|25.43|18
saudi-arabia|al-badayea|2024-01-01|122.6|15.54|26|57.89|18.25|23
saudi-arabia|al-bukayriyah|2024-01-01|163.31|15.88|24|92.45|48.76|13
saudi-arabia|al-mithnab|2024-01-01|164.93|15.14|26|87.91|47.13|12
saudi-arabia|ar-rass|2024-01-01|157.55|16.62|26|93.38|46.85|12
saudi-arabia|buraydah|2024-01-01|160.82|13.28|24|94.28|50.05|11
saudi-arabia|unayzah|2024-01-01|195.52|17.2|24|110.82|65.14|11
saudi-arabia|abha|2024-01-01|159.81|22.05|34|93.74|37.55|17
saudi-arabia|ahad-rafidah|2024-01-01|122.43|14.94|36|75.14|21.87|29
saudi-arabia|bisha|2024-01-01|99.98|14.36|36|64.74|20.84|28
saudi-arabia|khamis-mushait|2024-01-01|173.17|19.66|35|106.64|46.65|18
saudi-arabia|muhayil|2024-01-01|84.64|16.45|37|0.0|0.0|0
saudi-arabia|al-hofuf|2024-01-01|189.66|16.63|21|114.02|46.26|11
saudi-arabia|al-jubail|2024-01-01|157.44|15.71|19|113.67|71.3|7
saudi-arabia|al-khobar|2024-01-01|249.86|19.09|18|118.17|64.29|6
saudi-arabia|al-mubarraz|2024-01-01|166.37|15.53|20|106.39|41.86|10
saudi-arabia|al-qatif|2024-01-01|209.26|17.49|18|105.19|41.98|10
saudi-arabia|anak|2024-01-01|203.81|16.36|18|117.46|59.7|8
saudi-arabia|buqayq|2024-01-01|142.54|12.65|20|98.5|26.04|18
saudi-arabia|dammam|2024-01-01|189.94|15.62|19|116.1|50.14|7
saudi-arabia|dhahran|2024-01-01|253.31|17.88|18|144.07|79.88|6
saudi-arabia|hafar-al-batin|2024-01-01|172.74|16.42|27|118.08|36.68|18
saudi-arabia|juatha|2024-01-01|139.81|9.54|21|66.11|11.49|19
saudi-arabia|khafji|2024-01-01|163.87|19.52|23|115.51|51.6|20
saudi-arabia|ras-tanura|2024-01-01|163.53|19.44|18|103.93|18.74|19
saudi-arabia|safwa|2024-01-01|147.37|16.33|18|111.18|52.49|8
saudi-arabia|saihat|2024-01-01|235.46|17.74|17|151.01|78.32|6
saudi-arabia|tarout|2024-01-01|181.38|18.92|18|124.85|40.62|11
saudi-arabia|baqaa|2024-01-01|186.07|19.51|38|0.0|0.0|0
saudi-arabia|hail|2024-01-01|181.13|14.76|32|109.17|45.15|18
saudi-arabia|abu-arish|2024-01-01|87.44|11.11|36|70.43|20.95|31
saudi-arabia|al-aridhah|2024-01-01|51.88|7.41|40|0.0|0.0|0
saudi-arabia|al-edabi|2024-01-01|42.32|8.23|42|0.0|0.0|0
saudi-arabia|baish|2024-01-01|0.0|0.0|0|47.54|23.43|26
saudi-arabia|jazan|2024-01-01|98.71|12.25|35|77.61|38.94|20
saudi-arabia|samtah|2024-01-01|93.8|10.5|37|51.88|21.44|32
saudi-arabia|al-jumum|2024-01-01|48.9|10.03|27|93.99|49.64|12
saudi-arabia|al-qunfudhah|2024-01-01|102.04|13.61|37|0.0|0.0|0
saudi-arabia|almahameed|2024-01-01|0.0|0.0|0|71.04|13.58|23
saudi-arabia|bahrah|2024-01-01|70.16|13.46|24|89.92|26.0|19
saudi-arabia|jeddah|2024-01-01|166.28|18.4|22|101.38|48.88|9
saudi-arabia|mecca|2024-01-01|160.23|19.51|24|94.14|40.21|12
saudi-arabia|rabigh|2024-01-01|102.63|16.8|27|82.0|32.36|17
saudi-arabia|taif|2024-01-01|149.5|15.82|27|88.39|29.49|20
saudi-arabia|najran|2024-01-01|174.22|20.89|38|104.9|50.77|26
saudi-arabia|sharorah|2024-01-01|78.77|9.71|47|67.84|25.79|34
saudi-arabia|arar|2024-01-01|172.64|16.35|40|111.03|51.95|24
saudi-arabia|rafha|2024-01-01|238.47|22.95|37|132.26|45.7|32
saudi-arabia|turaif|2024-01-01|0.0|0.0|0|83.73|22.31|46
saudi-arabia|ad-dilam|2024-01-01|170.21|23.41|22|0.0|0.0|0
saudi-arabia|al-duwadimi|2024-01-01|95.7|13.86|27|100.49|31.77|17
saudi-arabia|al-majma%27ah|2024-01-01|204.96|18.21|25|98.09|62.53|10
saudi-arabia|al-uyaynah|2024-01-01|0.0|0.0|0|95.39|61.13|5
saudi-arabia|al-kharj|2024-01-01|138.31|16.04|23|115.79|64.59|7
saudi-arabia|al-muzahmiya|2024-01-01|85.76|10.94|25|98.05|13.54|24
saudi-arabia|az-zulfi|2024-01-01|169.66|18.74|28|109.65|55.11|9
saudi-arabia|diriyah|2024-01-01|243.41|23.4|19|138.7|59.12|4
saudi-arabia|huraymila|2024-01-01|0.0|0.0|0|196.35|91.68|5
saudi-arabia|riyadh|2024-01-01|261.43|21.08|19|134.01|63.56|6
saudi-arabia|shaqra|2024-01-01|130.37|22.11|24|0.0|0.0|0
saudi-arabia|wadi-ad-dawasir|2024-01-01|97.98|13.3|50|47.68|17.94|33
saudi-arabia|tabuk|2024-01-01|121.9|13.75|39|109.42|58.1|21
senegal|dakar|2024-01-01|34.54|14.03|18|22.56|9.12|6
senegal|thies|2024-01-01|0.0|0.0|0|19.45|8.9|8
senegal|dakar|2024-01-01|35.22|14.41|17|25.12|9.41|6
serbia|vojvodina|2024-01-01|58.58|13.85|20|61.1|14.76|9
serbia|ada|2024-01-01|0.0|0.0|0|38.77|6.91|10
serbia|backa-palanka|2024-01-01|0.0|0.0|0|34.41|7.72|11
serbia|backa-topola|2024-01-01|0.0|0.0|0|63.75|9.63|8
serbia|becej|2024-01-01|0.0|0.0|0|66.07|9.87|7
serbia|indjija|2024-01-01|0.0|0.0|0|47.88|9.74|10
serbia|ivanovo|2024-01-01|0.0|0.0|0|48.88|18.49|7
serbia|kikinda|2024-01-01|0.0|0.0|0|120.24|29.44|12
serbia|novi-sad|2024-01-01|61.0|19.63|18|104.16|29.3|9
serbia|omoljica|2024-01-01|0.0|0.0|0|64.43|54.49|5
serbia|pancevo|2024-01-01|0.0|0.0|0|98.08|29.56|7
serbia|senta|2024-01-01|0.0|0.0|0|32.69|6.98|9
serbia|sombor|2024-01-01|0.0|0.0|0|76.48|28.06|10
serbia|srbobran|2024-01-01|0.0|0.0|0|33.25|7.46|13
serbia|stara-pazova|2024-01-01|0.0|0.0|0|67.32|14.04|10
serbia|subotica|2024-01-01|0.0|0.0|0|36.1|9.74|10
serbia|temerin|2024-01-01|0.0|0.0|0|49.16|8.99|8
serbia|turija|2024-01-01|0.0|0.0|0|39.06|9.3|8
serbia|vrbas|2024-01-01|0.0|0.0|0|90.01|22.32|12
serbia|vrsac|2024-01-01|0.0|0.0|0|94.58|29.2|10
serbia|zmajevo|2024-01-01|0.0|0.0|0|35.91|7.58|10
serbia|zrenjanin|2024-01-01|0.0|0.0|0|93.02|29.08|9
serbia|cenej|2024-01-01|0.0|0.0|0|47.59|19.06|7
sierra-leone|western-area|2024-01-01|0.0|0.0|0|19.3|12.07|5
sierra-leone|freetown|2024-01-01|0.0|0.0|0|18.22|11.94|5
slovakia|banska-bystrica-region|2024-01-01|44.58|11.74|19|56.97|22.32|11
slovakia|bratislava-region|2024-01-01|76.4|17.86|16|97.19|41.32|6
slovakia|kosice-region|2024-01-01|50.85|14.01|24|87.4|70.96|8
slovakia|nitra-region|2024-01-01|61.28|13.09|19|75.81|26.78|10
slovakia|presov-region|2024-01-01|36.34|11.44|24|73.7|46.96|11
slovakia|trencin-region|2024-01-01|40.16|10.35|21|54.26|22.34|11
slovakia|trnava-region|2024-01-01|60.15|12.97|17|69.31|30.57|6
slovakia|zilina-region|2024-01-01|42.62|12.89|22|56.72|27.85|10
slovakia|banska-bystrica|2024-01-01|98.1|16.38|18|81.84|60.47|8
slovakia|rimavska-sobota|2024-01-01|0.0|0.0|0|94.79|93.46|3
slovakia|sasa|2024-01-01|0.0|0.0|0|48.08|17.77|11
slovakia|zvolen|2024-01-01|0.0|0.0|0|67.19|34.93|10
slovakia|lubietova|2024-01-01|0.0|0.0|0|93.47|75.15|8
slovakia|spania-dolina|2024-01-01|0.0|0.0|0|47.92|21.3|11
slovakia|ziar-nad-hronom|2024-01-01|0.0|0.0|0|54.66|41.37|9
slovakia|bernolakovo|2024-01-01|0.0|0.0|0|71.4|50.74|4
slovakia|bratislava|2024-01-01|95.31|19.38|15|123.92|44.96|7
slovakia|chorvatsky-grob|2024-01-01|0.0|0.0|0|68.51|38.33|5
slovakia|ivanka-pri-dunaji|2024-01-01|0.0|0.0|0|84.84|53.55|4
slovakia|malacky|2024-01-01|0.0|0.0|0|62.33|20.56|6
slovakia|pezinok|2024-01-01|0.0|0.0|0|54.88|14.14|7
slovakia|senec|2024-01-01|0.0|0.0|0|95.84|78.0|4
slovakia|stupava|2024-01-01|0.0|0.0|0|121.74|79.17|5
slovakia|kosice|2024-01-01|89.09|16.92|21|95.82|92.73|5
slovakia|michalovce|2024-01-01|0.0|0.0|0|85.47|49.41|6
slovakia|spisska-nova-ves|2024-01-01|0.0|0.0|0|65.01|29.54|11
slovakia|spisske-tomasovce|2024-01-01|0.0|0.0|0|53.15|28.82|11
slovakia|trebisov|2024-01-01|0.0|0.0|0|143.93|65.34|14
slovakia|chrabrany|2024-01-01|0.0|0.0|0|42.33|7.64|12
slovakia|horne-lefantovce|2024-01-01|0.0|0.0|0|45.61|9.67|14
slovakia|kolarovo|2024-01-01|0.0|0.0|0|92.73|44.81|5
slovakia|komarno|2024-01-01|0.0|0.0|0|81.68|38.68|8
slovakia|levice|2024-01-01|0.0|0.0|0|89.46|31.52|11
slovakia|nitra|2024-01-01|100.61|17.23|18|87.91|45.35|9
slovakia|nove-zamky|2024-01-01|0.0|0.0|0|78.58|31.13|10
slovakia|topolcany|2024-01-01|0.0|0.0|0|73.53|16.71|8
slovakia|velke-zaluzie|2024-01-01|0.0|0.0|0|195.59|26.8|9
slovakia|sala|2024-01-01|0.0|0.0|0|45.01|20.96|6
slovakia|surany|2024-01-01|0.0|0.0|0|76.25|53.03|5
slovakia|bardejov|2024-01-01|0.0|0.0|0|69.42|42.18|11
slovakia|humenne|2024-01-01|0.0|0.0|0|80.71|56.57|6
slovakia|kezmarok|2024-01-01|0.0|0.0|0|65.39|27.95|11
slovakia|poprad|2024-01-01|0.0|0.0|0|94.69|36.48|13
slovakia|presov|2024-01-01|0.0|0.0|0|87.48|61.24|10
slovakia|stara-lubovna|2024-01-01|0.0|0.0|0|72.65|44.19|9
slovakia|dubnica-nad-vahom|2024-01-01|0.0|0.0|0|72.15|41.47|10
slovakia|nove-mesto-nad-vahom|2024-01-01|0.0|0.0|0|63.43|29.62|5
slovakia|partizanske|2024-01-01|0.0|0.0|0|76.02|30.29|7
slovakia|povazska-bystrica|2024-01-01|0.0|0.0|0|62.09|30.62|6
slovakia|prievidza|2024-01-01|0.0|0.0|0|67.01|46.15|9
slovakia|raztocno|2024-01-01|0.0|0.0|0|59.04|26.18|10
slovakia|trencin|2024-01-01|0.0|0.0|0|65.15|28.19|11
slovakia|cifer|2024-01-01|0.0|0.0|0|64.23|25.34|7
slovakia|dunajska-streda|2024-01-01|0.0|0.0|0|95.87|26.98|8
slovakia|galanta|2024-01-01|0.0|0.0|0|84.9|49.5|5
slovakia|hlohovec|2024-01-01|0.0|0.0|0|61.67|25.09|7
slovakia|jelka|2024-01-01|0.0|0.0|0|94.59|70.6|5
slovakia|piestany|2024-01-01|0.0|0.0|0|52.79|25.57|7
slovakia|puste-ulany|2024-01-01|0.0|0.0|0|66.85|29.53|8
slovakia|senica|2024-01-01|0.0|0.0|0|68.05|49.33|6
slovakia|sered|2024-01-01|0.0|0.0|0|78.21|41.77|5
slovakia|skalica|2024-01-01|0.0|0.0|0|88.22|69.5|4
slovakia|sladkovicovo|2024-01-01|0.0|0.0|0|50.49|11.83|7
slovakia|trnava|2024-01-01|72.57|13.48|17|77.89|38.74|6
slovakia|velke-ulany|2024-01-01|0.0|0.0|0|123.63|66.33|4
slovakia|velky-grob|2024-01-01|0.0|0.0|0|64.47|40.4|8
slovakia|dolny-kubin|2024-01-01|0.0|0.0|0|56.2|30.27|10
slovakia|kysucke-nove-mesto|2024-01-01|0.0|0.0|0|94.38|31.22|4
slovakia|liptovsky-mikulas|2024-01-01|0.0|0.0|0|41.29|39.27|9
slovakia|martin|2024-01-01|0.0|0.0|0|85.21|44.98|9
slovakia|mojs|2024-01-01|0.0|0.0|0|68.44|27.12|12
slovakia|ruzomberok|2024-01-01|0.0|0.0|0|37.43|23.97|9
slovakia|cadca|2024-01-01|0.0|0.0|0|32.71|12.96|21
slovakia|zilina|2024-01-01|0.0|0.0|0|85.41|35.73|12
slovenia|administrative-unit-ajdovscina|2024-01-01|0.0|0.0|0|74.65|34.43|6
slovenia|administrative-unit-maribor|2024-01-01|82.94|14.37|17|108.85|58.35|6
slovenia|brezice|2024-01-01|0.0|0.0|0|93.18|60.85|6
slovenia|celje|2024-01-01|78.64|11.53|18|87.56|38.43|8
slovenia|cerknica|2024-01-01|0.0|0.0|0|79.14|37.59|5
slovenia|domzale|2024-01-01|0.0|0.0|0|93.94|52.08|4
slovenia|gornja-radgona|2024-01-01|0.0|0.0|0|87.92|48.17|6
slovenia|grosuplje|2024-01-01|0.0|0.0|0|93.29|42.1|5
slovenia|idrija|2024-01-01|0.0|0.0|0|70.41|36.05|5
slovenia|izola|2024-01-01|0.0|0.0|0|76.54|39.16|6
slovenia|jesenice|2024-01-01|0.0|0.0|0|90.02|43.99|7
slovenia|kamnik|2024-01-01|0.0|0.0|0|92.33|46.92|5
slovenia|koper|2024-01-01|0.0|0.0|0|89.96|41.43|6
slovenia|kranj|2024-01-01|0.0|0.0|0|93.6|67.24|3
slovenia|krsko|2024-01-01|0.0|0.0|0|91.16|40.32|8
slovenia|lasko|2024-01-01|0.0|0.0|0|51.94|24.52|7
slovenia|lenart|2024-01-01|0.0|0.0|0|103.17|51.78|5
slovenia|lendava|2024-01-01|0.0|0.0|0|90.24|41.7|11
slovenia|litija|2024-01-01|0.0|0.0|0|92.21|40.95|5
slovenia|ljubljana|2024-01-01|101.64|14.64|16|94.49|49.95|5
slovenia|ljutomer|2024-01-01|0.0|0.0|0|90.92|57.2|4
slovenia|logatec|2024-01-01|0.0|0.0|0|93.48|38.64|5
slovenia|mozirje|2024-01-01|0.0|0.0|0|89.18|40.81|8
slovenia|murska-sobota|2024-01-01|0.0|0.0|0|92.68|48.57|8
slovenia|nova-gorica|2024-01-01|0.0|0.0|0|74.52|42.45|6
slovenia|novo-mesto|2024-01-01|0.0|0.0|0|94.7|53.65|6
slovenia|ormoz|2024-01-01|0.0|0.0|0|93.76|48.56|4
slovenia|pesnica|2024-01-01|0.0|0.0|0|106.79|52.17|6
slovenia|piran|2024-01-01|0.0|0.0|0|72.14|32.56|7
slovenia|postojna|2024-01-01|0.0|0.0|0|93.18|39.47|6
slovenia|ptuj|2024-01-01|0.0|0.0|0|83.02|46.56|7
slovenia|radlje-ob-dravi|2024-01-01|0.0|0.0|0|72.12|30.96|8
slovenia|radovljica|2024-01-01|0.0|0.0|0|92.94|53.67|7
slovenia|ravne-na-koroskem|2024-01-01|0.0|0.0|0|63.86|35.28|9
slovenia|ruse|2024-01-01|0.0|0.0|0|94.02|31.89|7
slovenia|sezana|2024-01-01|0.0|0.0|0|69.99|39.9|6
slovenia|slovenj-gradec|2024-01-01|0.0|0.0|0|90.04|43.8|9
slovenia|slovenska-bistrica|2024-01-01|0.0|0.0|0|78.45|38.46|8
slovenia|slovenske-konjice|2024-01-01|0.0|0.0|0|46.96|20.01|10
slovenia|tolmin|2024-01-01|0.0|0.0|0|35.03|11.5|11
slovenia|trbovlje|2024-01-01|0.0|0.0|0|94.04|49.47|8
slovenia|trebnje|2024-01-01|0.0|0.0|0|89.05|41.11|6
slovenia|velenje|2024-01-01|0.0|0.0|0|94.42|59.7|8
slovenia|vrhnika|2024-01-01|0.0|0.0|0|90.28|39.75|5
slovenia|zagorje-ob-savi|2024-01-01|0.0|0.0|0|94.39|40.52|6
slovenia|sentjur-pri-celju|2024-01-01|0.0|0.0|0|60.81|31.35|11
slovenia|skofja-loka|2024-01-01|0.0|0.0|0|79.26|38.61|5
slovenia|smarje-pri-jelsah|2024-01-01|0.0|0.0|0|49.83|22.3|10
slovenia|zalec|2024-01-01|0.0|0.0|0|92.04|47.77|8
slovenia|maribor|2024-01-01|95.24|15.38|17|109.78|59.87|6
slovenia|celje|2024-01-01|115.15|16.85|17|94.53|45.74|8
slovenia|zaborst|2024-01-01|0.0|0.0|0|90.76|49.91|5
slovenia|grosuplje|2024-01-01|0.0|0.0|0|118.65|62.54|7
slovenia|kamnik|2024-01-01|0.0|0.0|0|92.31|40.67|4
slovenia|koper|2024-01-01|0.0|0.0|0|92.06|42.06|6
slovenia|kranj|2024-01-01|0.0|0.0|0|93.04|66.33|3
slovenia|ljubljana|2024-01-01|114.59|17.09|16|94.68|55.73|5
slovenia|murska-sobota|2024-01-01|0.0|0.0|0|97.22|53.96|8
slovenia|nova-gorica|2024-01-01|0.0|0.0|0|84.99|55.51|5
slovenia|novo-mesto|2024-01-01|0.0|0.0|0|94.64|67.06|6
slovenia|sevno|2024-01-01|0.0|0.0|0|94.84|54.84|6
slovenia|ptuj|2024-01-01|0.0|0.0|0|93.05|46.66|7
slovenia|bled|2024-01-01|0.0|0.0|0|89.56|61.57|8
slovenia|slovenj-gradec|2024-01-01|0.0|0.0|0|65.67|34.14|12
slovenia|slovenska-bistrica|2024-01-01|0.0|0.0|0|92.5|56.11|7
slovenia|trbovlje|2024-01-01|0.0|0.0|0|99.16|61.5|9
slovenia|velenje|2024-01-01|0.0|0.0|0|93.93|63.76|6
slovenia|skale|2024-01-01|0.0|0.0|0|94.08|57.16|7
slovenia|vrhnika|2024-01-01|0.0|0.0|0|106.21|38.78|5
slovenia|skofja-loka|2024-01-01|0.0|0.0|0|94.46|52.57|5
slovenia|zalec|2024-01-01|0.0|0.0|0|75.43|41.73|11
somalia|banaadir|2024-01-01|32.59|11.31|18|14.23|13.13|30
somalia|shabeellaha-hoose|2024-01-01|0.0|0.0|0|17.49|13.5|16
somalia|woqooyi-galbeed|2024-01-01|26.98|13.63|20|9.1|7.4|17
somalia|mogadishu|2024-01-01|32.59|11.13|18|14.23|13.13|30
somalia|hargeisa|2024-01-01|28.59|13.21|19|9.13|7.38|17
south-africa|eastern-cape|2024-01-01|48.81|7.45|33|32.43|25.32|19
south-africa|free-state|2024-01-01|43.82|7.62|34|25.52|21.72|14
south-africa|gauteng|2024-01-01|59.31|9.59|20|50.59|43.94|6
south-africa|kwazulu-natal|2024-01-01|45.45|8.02|23|41.88|32.95|6
south-africa|limpopo|2024-01-01|32.46|6.75|29|11.75|9.14|18
south-africa|mpumalanga|2024-01-01|34.23|7.62|26|29.74|23.83|13
south-africa|north-west|2024-01-01|45.47|7.09|25|30.39|26.39|10
south-africa|northern-cape|2024-01-01|32.86|7.34|39|18.54|11.84|25
south-africa|western-cape|2024-01-01|50.11|7.39|23|43.82|39.9|6
south-africa|despatch|2024-01-01|0.0|0.0|0|42.75|44.17|14
south-africa|east-london|2024-01-01|0.0|0.0|0|40.25|33.51|22
south-africa|jeffreys-bay|2024-01-01|0.0|0.0|0|32.57|35.54|18
south-africa|port-elizabeth|2024-01-01|59.82|8.62|29|41.47|35.06|14
south-africa|uitenhage|2024-01-01|0.0|0.0|0|34.91|41.76|15
south-africa|bloemfontein|2024-01-01|57.37|9.65|29|37.87|33.27|11
south-africa|kroonstad|2024-01-01|0.0|0.0|0|23.93|26.05|13
south-africa|sasolburg|2024-01-01|0.0|0.0|0|32.94|24.59|12
south-africa|welkom|2024-01-01|0.0|0.0|0|27.17|22.24|14
south-africa|akasia|2024-01-01|0.0|0.0|0|49.59|39.74|8
south-africa|alberton|2024-01-01|62.0|11.1|19|53.9|50.5|5
south-africa|benoni|2024-01-01|55.84|8.57|19|51.55|47.8|5
south-africa|boksburg|2024-01-01|63.87|10.74|19|47.3|19.31|14
south-africa|brakpan|2024-01-01|0.0|0.0|0|37.33|10.53|18
south-africa|bronkhorstspruit|2024-01-01|0.0|0.0|0|46.67|42.18|8
south-africa|centurion|2024-01-01|81.38|10.9|19|54.62|48.81|5
south-africa|diepkloof|2024-01-01|0.0|0.0|0|52.69|47.42|4
south-africa|edenvale|2024-01-01|0.0|0.0|0|60.74|49.64|4
south-africa|eikenhof|2024-01-01|0.0|0.0|0|49.89|51.63|6
south-africa|germiston|2024-01-01|55.16|10.46|19|52.24|47.59|5
south-africa|heidelberg-gp|2024-01-01|0.0|0.0|0|36.32|34.15|8
south-africa|johannesburg|2024-01-01|63.93|12.99|19|54.52|49.53|4
south-africa|johannesburg-south|2024-01-01|48.43|9.85|21|45.6|33.11|7
south-africa|katlehong|2024-01-01|0.0|0.0|0|31.2|21.97|5
south-africa|kempton-park|2024-01-01|58.88|9.35|20|52.19|51.46|4
south-africa|krugersdorp|2024-01-01|53.62|10.64|19|46.28|36.32|6
south-africa|lenasia|2024-01-01|0.0|0.0|0|48.58|41.5|5
south-africa|lethabong|2024-01-01|0.0|0.0|0|49.0|48.14|4
south-africa|meyerton|2024-01-01|0.0|0.0|0|29.82|31.48|8
south-africa|midrand|2024-01-01|65.44|10.55|19|52.74|48.49|5
south-africa|nigel|2024-01-01|0.0|0.0|0|39.68|28.83|6
south-africa|olifantsfontein|2024-01-01|0.0|0.0|0|69.7|53.77|5
south-africa|pretoria|2024-01-01|66.37|10.18|19|50.09|43.64|6
south-africa|randburg|2024-01-01|75.69|9.42|19|63.39|56.62|4
south-africa|randfontein|2024-01-01|0.0|0.0|0|38.38|28.54|6
south-africa|roodeplaat|2024-01-01|0.0|0.0|0|37.55|23.1|9
south-africa|roodepoort|2024-01-01|56.31|10.44|20|51.79|48.35|5
south-africa|roodepoort-302-iq|2024-01-01|0.0|0.0|0|49.79|45.48|7
south-africa|sandton|2024-01-01|88.57|11.66|19|65.18|55.68|4
south-africa|soweto|2024-01-01|0.0|0.0|0|39.65|23.65|5
south-africa|springs|2024-01-01|0.0|0.0|0|48.84|43.55|6
south-africa|tembisa|2024-01-01|0.0|0.0|0|34.67|27.12|6
south-africa|vanderbijlpark|2024-01-01|0.0|0.0|0|36.75|34.57|8
south-africa|vereeniging|2024-01-01|0.0|0.0|0|43.22|41.34|7
south-africa|westonaria|2024-01-01|0.0|0.0|0|50.9|49.81|5
south-africa|amanzimtoti|2024-01-01|0.0|0.0|0|41.04|24.3|5
south-africa|berea|2024-01-01|67.63|13.97|20|48.29|43.49|5
south-africa|blackburn|2024-01-01|0.0|0.0|0|49.45|47.95|4
south-africa|bluff|2024-01-01|0.0|0.0|0|46.35|38.96|6
south-africa|cele|2024-01-01|0.0|0.0|0|45.98|34.55|6
south-africa|chatsworth|2024-01-01|0.0|0.0|0|45.59|23.71|5
south-africa|dolphin-coast|2024-01-01|0.0|0.0|0|47.17|45.45|5
south-africa|durban|2024-01-01|44.57|10.71|23|46.72|38.01|5
south-africa|durban-north|2024-01-01|0.0|0.0|0|50.63|48.31|4
south-africa|gillitts|2024-01-01|0.0|0.0|0|49.04|46.72|5
south-africa|hillcrest|2024-01-01|0.0|0.0|0|48.54|44.87|5
south-africa|howick|2024-01-01|0.0|0.0|0|26.52|30.26|18
south-africa|iqadi|2024-01-01|0.0|0.0|0|41.76|23.81|5
south-africa|kingsburgh|2024-01-01|0.0|0.0|0|39.77|32.04|5
south-africa|kloof|2024-01-01|0.0|0.0|0|51.12|48.17|5
south-africa|la-mercy|2024-01-01|0.0|0.0|0|50.32|48.04|5
south-africa|ladysmith|2024-01-01|0.0|0.0|0|22.15|18.15|13
south-africa|margate|2024-01-01|0.0|0.0|0|39.37|30.56|7
south-africa|mount-edgecombe|2024-01-01|0.0|0.0|0|50.42|52.25|4
south-africa|newcastle|2024-01-01|0.0|0.0|0|16.6|9.9|23
south-africa|newlands-east|2024-01-01|0.0|0.0|0|49.41|47.38|5
south-africa|newlands-west|2024-01-01|0.0|0.0|0|47.7|44.28|5
south-africa|outer-west-durban|2024-01-01|0.0|0.0|0|18.9|12.0|11
south-africa|phoenix|2024-01-01|0.0|0.0|0|30.78|20.68|8
south-africa|pietermaritzburg|2024-01-01|27.73|8.02|20|39.68|31.3|10
south-africa|pinetown|2024-01-01|0.0|0.0|0|46.16|40.44|5
south-africa|qiniselani-manyuswa|2024-01-01|0.0|0.0|0|56.39|47.52|4
south-africa|queensburgh|2024-01-01|0.0|0.0|0|42.85|25.29|5
south-africa|richards-bay|2024-01-01|0.0|0.0|0|39.32|34.89|7
south-africa|umhlanga|2024-01-01|73.5|10.31|21|49.83|43.8|4
south-africa|umlazi|2024-01-01|0.0|0.0|0|44.01|25.21|4
south-africa|westville|2024-01-01|0.0|0.0|0|49.46|48.08|4
south-africa|louis-trichardt|2024-01-01|0.0|0.0|0|26.7|24.32|13
south-africa|phalaborwa|2024-01-01|0.0|0.0|0|11.17|10.28|15
south-africa|polokwane|2024-01-01|0.0|0.0|0|25.42|21.3|13
south-africa|tzaneen|2024-01-01|0.0|0.0|0|15.18|11.3|13
south-africa|emalahleni|2024-01-01|0.0|0.0|0|26.87|22.85|10
south-africa|ermelo|2024-01-01|0.0|0.0|0|31.4|20.98|9
south-africa|lydenburg|2024-01-01|0.0|0.0|0|25.21|30.32|15
south-africa|middelburg-mp|2024-01-01|0.0|0.0|0|40.04|34.56|8
south-africa|nelspruit|2024-01-01|0.0|0.0|0|38.35|32.4|12
south-africa|secunda|2024-01-01|0.0|0.0|0|37.42|25.36|10
south-africa|standerton|2024-01-01|0.0|0.0|0|75.3|74.66|7
south-africa|brits|2024-01-01|0.0|0.0|0|16.71|14.37|12
south-africa|hartbeespoort|2024-01-01|0.0|0.0|0|46.27|39.47|7
south-africa|klerksdorp|2024-01-01|0.0|0.0|0|37.97|46.03|7
south-africa|lichtenburg|2024-01-01|0.0|0.0|0|34.15|39.78|11
south-africa|potchefstroom|2024-01-01|0.0|0.0|0|35.07|31.74|8
south-africa|rustenburg|2024-01-01|0.0|0.0|0|32.8|25.43|8
south-africa|kathu|2024-01-01|0.0|0.0|0|27.18|26.71|20
south-africa|kimberley|2024-01-01|0.0|0.0|0|28.75|20.31|16
south-africa|upington|2024-01-01|0.0|0.0|0|30.51|22.12|17
south-africa|cape-town|2024-01-01|53.23|8.14|20|47.99|47.08|5
south-africa|franschhoek|2024-01-01|0.0|0.0|0|36.82|30.36|7
south-africa|george|2024-01-01|0.0|0.0|0|37.09|28.68|19
south-africa|hermanus|2024-01-01|0.0|0.0|0|38.58|23.52|7
south-africa|knysna|2024-01-01|0.0|0.0|0|24.74|24.02|19
south-africa|langebaan|2024-01-01|0.0|0.0|0|29.38|29.23|7
south-africa|mossel-bay|2024-01-01|0.0|0.0|0|33.67|24.28|18
south-africa|oudtshoorn|2024-01-01|0.0|0.0|0|43.72|45.55|12
south-africa|paarl|2024-01-01|0.0|0.0|0|37.89|28.25|7
south-africa|plettenberg-bay|2024-01-01|0.0|0.0|0|21.09|22.55|27
south-africa|stellenbosch|2024-01-01|0.0|0.0|0|49.36|46.24|6
south-africa|wellington|2024-01-01|0.0|0.0|0|29.61|24.21|7
south-africa|west-coast-peninsula|2024-01-01|0.0|0.0|0|28.15|28.6|7
south-africa|worcester|2024-01-01|0.0|0.0|0|34.17|36.99|6
south-korea|chungcheongbuk-do|2024-01-01|163.53|17.6|28|173.85|114.73|8
south-korea|chungcheongnam-do|2024-01-01|120.62|12.91|28|174.52|118.85|9
south-korea|gangwon-do|2024-01-01|177.3|18.08|30|111.98|96.1|8
south-korea|gyeonggi-do|2024-01-01|152.93|18.1|26|198.41|130.01|6
south-korea|gyeongsangbuk-do|2024-01-01|146.62|17.01|27|103.14|95.23|11
south-korea|gyeongsangnam-do|2024-01-01|105.94|13.28|29|102.08|94.77|12
south-korea|jeju-do|2024-01-01|0.0|0.0|0|97.19|94.65|13
south-korea|jeollabuk-do|2024-01-01|0.0|0.0|0|98.88|94.84|9
south-korea|jeollanam-do|2024-01-01|141.66|16.47|28|133.91|102.17|11
south-korea|cheongju-si|2024-01-01|0.0|0.0|0|201.55|141.58|7
south-korea|chungju-si|2024-01-01|0.0|0.0|0|99.85|100.14|8
south-korea|asan-si|2024-01-01|0.0|0.0|0|181.67|128.56|9
south-korea|cheonan-si|2024-01-01|0.0|0.0|0|181.92|128.28|8
south-korea|chuncheon-si|2024-01-01|0.0|0.0|0|97.38|94.68|8
south-korea|gangneung-si|2024-01-01|0.0|0.0|0|142.25|101.36|8
south-korea|wonju-si|2024-01-01|0.0|0.0|0|194.87|123.5|7
south-korea|ansan-si|2024-01-01|0.0|0.0|0|180.92|114.78|6
south-korea|anseong-si|2024-01-01|0.0|0.0|0|144.12|101.66|7
south-korea|anyang-si|2024-01-01|0.0|0.0|0|165.85|98.69|6
south-korea|bucheon-si|2024-01-01|0.0|0.0|0|218.24|124.37|6
south-korea|dongducheon-si|2024-01-01|0.0|0.0|0|90.99|40.93|8
south-korea|gimpo-si|2024-01-01|0.0|0.0|0|170.11|112.05|6
south-korea|goyang-si|2024-01-01|0.0|0.0|0|216.32|145.26|6
south-korea|gunpo-si|2024-01-01|0.0|0.0|0|219.66|127.65|7
south-korea|guri-si|2024-01-01|0.0|0.0|0|125.51|94.78|6
south-korea|gwangmyeong-si|2024-01-01|0.0|0.0|0|217.5|124.89|5
south-korea|hanam-si|2024-01-01|0.0|0.0|0|260.62|205.06|6
south-korea|hwaseong-si|2024-01-01|103.06|14.84|28|223.52|161.94|6
south-korea|icheon-si|2024-01-01|0.0|0.0|0|182.0|100.24|6
south-korea|namyangju-si|2024-01-01|0.0|0.0|0|198.84|129.19|6
south-korea|osan-si|2024-01-01|0.0|0.0|0|187.0|141.71|6
south-korea|paju-si|2024-01-01|0.0|0.0|0|183.45|125.38|6
south-korea|pocheon-si|2024-01-01|0.0|0.0|0|97.85|94.02|6
south-korea|pyeongtaek-si|2024-01-01|0.0|0.0|0|170.83|120.82|6
south-korea|seongnam-si|2024-01-01|146.04|22.27|24|182.9|108.05|6
south-korea|siheung-si|2024-01-01|0.0|0.0|0|208.43|122.32|6
south-korea|suwon-si|2024-01-01|196.88|19.26|25|208.58|140.73|6
south-korea|uijeongbu-si|2024-01-01|0.0|0.0|0|170.55|124.52|6
south-korea|uiwang-si|2024-01-01|0.0|0.0|0|177.87|132.12|6
south-korea|yangju-si|2024-01-01|0.0|0.0|0|246.12|209.05|6
south-korea|yongin-si|2024-01-01|0.0|0.0|0|202.18|142.7|6
south-korea|gumi-si|2024-01-01|0.0|0.0|0|170.31|107.99|10
south-korea|gyeongju-si|2024-01-01|0.0|0.0|0|94.68|94.29|12
south-korea|gyeongsan-si|2024-01-01|0.0|0.0|0|94.36|94.57|11
south-korea|pohang-si|2024-01-01|0.0|0.0|0|134.66|111.63|12
south-korea|geoje-si|2024-01-01|0.0|0.0|0|94.64|94.58|12
south-korea|gimhae-si|2024-01-01|0.0|0.0|0|96.12|94.36|12
south-korea|jinju-si|2024-01-01|0.0|0.0|0|94.42|94.08|12
south-korea|yangsan-si|2024-01-01|0.0|0.0|0|142.02|111.37|12
south-korea|jeju-si|2024-01-01|0.0|0.0|0|97.52|94.68|13
south-korea|seogwipo-si|2024-01-01|0.0|0.0|0|94.52|94.42|14
south-korea|gunsan-si|2024-01-01|0.0|0.0|0|118.47|100.4|9
south-korea|iksan-si|2024-01-01|0.0|0.0|0|147.16|101.91|8
south-korea|jeonju-si|2024-01-01|0.0|0.0|0|94.83|94.6|9
south-korea|mokpo-si|2024-01-01|0.0|0.0|0|173.62|104.0|11
south-korea|suncheon-si|2024-01-01|0.0|0.0|0|142.37|118.99|11
spain|andalusia|2024-01-01|43.96|10.63|38|195.73|141.52|20
spain|aragon|2024-01-01|39.81|11.33|35|177.72|98.5|15
spain|asturias|2024-01-01|54.47|12.2|37|235.82|158.32|13
spain|balearic-islands|2024-01-01|55.55|11.36|41|193.05|113.31|17
spain|basque-country|2024-01-01|49.03|12.81|35|266.51|213.07|12
spain|canary-islands|2024-01-01|33.31|8.6|71|100.04|85.83|14
spain|cantabria|2024-01-01|42.95|9.73|37|240.91|186.41|16
spain|castile-and-leon|2024-01-01|41.25|9.61|31|235.9|170.65|12
spain|castile-la-mancha|2024-01-01|36.53|10.08|37|235.32|196.39|8
spain|catalonia|2024-01-01|48.58|10.62|27|231.24|198.07|5
spain|community-of-madrid|2024-01-01|59.65|13.16|21|257.06|215.54|5
spain|extremadura|2024-01-01|41.75|10.08|39|217.72|173.06|17
spain|galicia|2024-01-01|47.09|9.45|38|242.69|192.48|17
spain|la-rioja|2024-01-01|0.0|0.0|0|241.63|166.53|14
spain|melilla|2024-01-01|0.0|0.0|0|200.26|158.72|24
spain|navarre|2024-01-01|40.44|11.06|36|252.02|164.01|16
spain|region-of-murcia|2024-01-01|38.87|8.88|38|185.02|134.45|17
spain|valencian-community|2024-01-01|42.54|10.51|34|187.14|123.08|12
spain|alcala-de-guadaira|2024-01-01|0.0|0.0|0|279.0|200.42|11
spain|algeciras|2024-01-01|0.0|0.0|0|266.44|105.23|25
spain|alhaurin-de-la-torre|2024-01-01|0.0|0.0|0|240.09|159.62|24
spain|almeria|2024-01-01|0.0|0.0|0|304.25|234.25|21
spain|antequera|2024-01-01|0.0|0.0|0|223.62|175.59|23
spain|benalmadena|2024-01-01|0.0|0.0|0|221.71|170.39|23
spain|chiclana-de-la-frontera|2024-01-01|0.0|0.0|0|221.76|131.49|22
spain|cadiz|2024-01-01|0.0|0.0|0|197.06|98.14|22
spain|cordoba|2024-01-01|0.0|0.0|0|245.51|166.96|18
spain|dos-hermanas|2024-01-01|0.0|0.0|0|221.73|118.95|10
spain|el-puerto-de-santa-maria|2024-01-01|0.0|0.0|0|237.55|115.26|20
spain|fuengirola|2024-01-01|0.0|0.0|0|201.65|151.03|23
spain|granada|2024-01-01|58.68|17.18|36|214.68|149.01|20
spain|huelva|2024-01-01|0.0|0.0|0|294.24|158.19|11
spain|jerez|2024-01-01|0.0|0.0|0|255.72|134.8|20
spain|la-linea-de-la-concepcion|2024-01-01|0.0|0.0|0|233.87|104.26|26
spain|linares|2024-01-01|0.0|0.0|0|141.22|94.93|21
spain|mairena-del-aljarafe|2024-01-01|0.0|0.0|0|265.4|224.41|16
spain|marbella|2024-01-01|0.0|0.0|0|185.62|142.02|25
spain|motril|2024-01-01|0.0|0.0|0|171.71|168.48|21
spain|malaga|2024-01-01|109.46|19.54|38|252.12|184.34|22
spain|nerja|2024-01-01|0.0|0.0|0|109.38|100.36|21
spain|roquetas-de-mar|2024-01-01|0.0|0.0|0|218.12|194.76|19
spain|san-fernando|2024-01-01|0.0|0.0|0|294.26|105.62|22
spain|sanlucar-de-barrameda|2024-01-01|0.0|0.0|0|237.02|137.79|20
spain|seville|2024-01-01|81.86|15.09|28|242.92|151.3|12
spain|sitio-de-calahonda|2024-01-01|0.0|0.0|0|160.59|122.03|25
spain|tomares|2024-01-01|0.0|0.0|0|234.23|199.14|13
spain|torremolinos|2024-01-01|0.0|0.0|0|261.26|203.69|23
spain|utrera|2024-01-01|0.0|0.0|0|247.24|182.83|17
spain|ubeda|2024-01-01|0.0|0.0|0|252.34|189.4|17
spain|zaragoza|2024-01-01|59.77|12.73|31|218.38|107.08|13
spain|aviles|2024-01-01|0.0|0.0|0|272.67|126.46|14
spain|gijon|2024-01-01|0.0|0.0|0|265.99|183.27|11
spain|oviedo|2024-01-01|0.0|0.0|0|303.16|216.68|17
spain|ibiza|2024-01-01|0.0|0.0|0|289.51|227.72|18
spain|inca|2024-01-01|0.0|0.0|0|242.39|105.55|18
spain|palma|2024-01-01|0.0|0.0|0|232.67|109.53|17
spain|barakaldo|2024-01-01|0.0|0.0|0|291.26|258.33|12
spain|bilbao|2024-01-01|68.71|15.43|32|263.56|208.51|12
spain|getxo|2024-01-01|0.0|0.0|0|295.91|218.88|12
spain|san-sebastian|2024-01-01|0.0|0.0|0|231.46|207.27|12
spain|vitoria-gasteiz|2024-01-01|0.0|0.0|0|288.45|234.93|13
spain|arrecife|2024-01-01|0.0|0.0|0|176.55|96.03|16
spain|corralejo|2024-01-01|0.0|0.0|0|90.91|72.21|16
spain|costa-adeje|2024-01-01|0.0|0.0|0|39.53|41.22|14
spain|las-palmas-de-gran-canaria|2024-01-01|0.0|0.0|0|225.49|121.87|18
spain|los-cristianos|2024-01-01|0.0|0.0|0|62.05|56.05|12
spain|maspalomas|2024-01-01|0.0|0.0|0|70.62|47.34|13
spain|playa-blanca|2024-01-01|0.0|0.0|0|38.16|26.2|17
spain|playa-de-la-americas|2024-01-01|0.0|0.0|0|47.83|32.38|11
spain|puerto-de-la-cruz|2024-01-01|0.0|0.0|0|62.98|53.87|10
spain|puerto-del-carmen|2024-01-01|0.0|0.0|0|36.04|21.35|17
spain|puerto-rico|2024-01-01|0.0|0.0|0|45.25|34.41|11
spain|san-cristobal-de-la-laguna|2024-01-01|0.0|0.0|0|220.61|103.82|11
spain|santa-cruz-de-tenerife|2024-01-01|0.0|0.0|0|233.99|106.69|12
spain|telde|2024-01-01|0.0|0.0|0|222.7|103.49|12
spain|vecindario|2024-01-01|0.0|0.0|0|261.46|127.3|13
spain|santander|2024-01-01|0.0|0.0|0|266.36|177.88|18
spain|torrelavega|2024-01-01|0.0|0.0|0|275.45|145.23|19
spain|burgos|2024-01-01|0.0|0.0|0|263.17|171.98|13
spain|leon|2024-01-01|0.0|0.0|0|272.29|211.14|17
spain|ponferrada|2024-01-01|0.0|0.0|0|297.71|223.94|17
spain|salamanca|2024-01-01|0.0|0.0|0|256.51|172.4|12
spain|segovia|2024-01-01|0.0|0.0|0|242.26|192.04|9
spain|valladolid|2024-01-01|62.77|9.93|24|258.55|175.0|10
spain|zamora|2024-01-01|0.0|0.0|0|223.23|141.75|12
spain|avila|2024-01-01|0.0|0.0|0|271.78|218.32|11
spain|albacete|2024-01-01|0.0|0.0|0|252.21|108.09|15
spain|azuqueca-de-henares|2024-01-01|0.0|0.0|0|314.08|282.01|7
spain|ciudad-real|2024-01-01|0.0|0.0|0|290.62|184.04|11
spain|cuenca|2024-01-01|0.0|0.0|0|417.65|345.05|5
spain|guadalajara|2024-01-01|0.0|0.0|0|296.56|223.42|6
spain|talavera-de-la-reina|2024-01-01|0.0|0.0|0|290.09|179.16|7
spain|badalona|2024-01-01|0.0|0.0|0|310.94|268.05|4
spain|barbera-del-valles|2024-01-01|0.0|0.0|0|310.14|277.08|4
spain|barcelona|2024-01-01|77.38|13.66|23|230.94|190.66|5
spain|cambrils|2024-01-01|0.0|0.0|0|184.42|158.67|12
spain|castelldefels|2024-01-01|0.0|0.0|0|224.64|218.44|5
spain|cerdanyola|2024-01-01|0.0|0.0|0|261.53|213.44|5
spain|cornella-de-llobregat|2024-01-01|0.0|0.0|0|284.23|275.31|3
spain|el-prat-de-llobregat|2024-01-01|0.0|0.0|0|272.71|248.16|4
spain|esplugues-de-llobregat|2024-01-01|0.0|0.0|0|270.78|241.37|4
spain|figueres|2024-01-01|0.0|0.0|0|230.35|97.32|17
spain|gava|2024-01-01|0.0|0.0|0|270.66|277.1|5
spain|girona|2024-01-01|0.0|0.0|0|207.94|100.69|17
spain|granollers|2024-01-01|0.0|0.0|0|270.04|228.42|5
spain|l%27hospitalet-de-llobregat|2024-01-01|0.0|0.0|0|299.96|266.66|4
spain|lleida|2024-01-01|0.0|0.0|0|264.19|225.15|7
spain|lloret-de-mar|2024-01-01|0.0|0.0|0|110.45|99.52|6
spain|manresa|2024-01-01|0.0|0.0|0|292.59|277.6|5
spain|mataro|2024-01-01|0.0|0.0|0|247.84|183.67|5
spain|molins-de-rei|2024-01-01|0.0|0.0|0|265.64|258.84|5
spain|mollet-del-valles|2024-01-01|0.0|0.0|0|265.96|257.61|4
spain|olot|2024-01-01|0.0|0.0|0|256.5|99.42|14
spain|pineda-de-mar|2024-01-01|0.0|0.0|0|240.86|117.98|8
spain|reus|2024-01-01|0.0|0.0|0|207.96|143.76|10
spain|rubi|2024-01-01|0.0|0.0|0|180.52|154.06|6
spain|sabadell|2024-01-01|0.0|0.0|0|286.47|280.18|5
spain|sant-adria-de-besos|2024-01-01|0.0|0.0|0|305.22|249.4|4
spain|sant-boi-de-llobregat|2024-01-01|0.0|0.0|0|249.35|242.41|4
spain|sant-cugat-del-valles|2024-01-01|0.0|0.0|0|266.34|257.23|5
spain|sant-feliu-de-llobregat|2024-01-01|0.0|0.0|0|305.63|292.81|4
spain|sant-vicenc-dels-horts|2024-01-01|0.0|0.0|0|256.81|290.01|4
spain|santa-coloma-de-gramenet|2024-01-01|0.0|0.0|0|283.18|291.22|4
spain|sitges|2024-01-01|0.0|0.0|0|254.26|252.7|6
spain|tarragona|2024-01-01|0.0|0.0|0|252.17|193.1|7
spain|terrassa|2024-01-01|0.0|0.0|0|281.09|244.87|5
spain|tortosa|2024-01-01|0.0|0.0|0|88.34|70.47|12
spain|vic|2024-01-01|0.0|0.0|0|240.6|218.19|6
spain|viladecans|2024-01-01|0.0|0.0|0|276.51|254.04|5
spain|vilanova-i-la-geltru|2024-01-01|0.0|0.0|0|218.94|227.9|6
spain|alcala-de-henares|2024-01-01|0.0|0.0|0|292.57|257.02|4
spain|alcobendas|2024-01-01|0.0|0.0|0|253.38|204.26|5
spain|alcorcon|2024-01-01|0.0|0.0|0|311.84|256.96|4
spain|boadilla-del-monte|2024-01-01|0.0|0.0|0|246.03|233.84|5
spain|collado-villalba|2024-01-01|0.0|0.0|0|266.23|215.5|5
spain|colmenar-viejo|2024-01-01|0.0|0.0|0|257.68|267.42|5
spain|coslada|2024-01-01|0.0|0.0|0|308.29|240.64|5
spain|fuenlabrada|2024-01-01|0.0|0.0|0|307.98|231.59|4
spain|getafe|2024-01-01|0.0|0.0|0|298.63|246.47|4
spain|las-rozas|2024-01-01|0.0|0.0|0|252.82|232.81|6
spain|leganes|2024-01-01|0.0|0.0|0|311.32|263.72|4
spain|madrid|2024-01-01|76.46|13.97|20|248.37|202.67|5
spain|majadahonda|2024-01-01|0.0|0.0|0|239.79|231.93|5
spain|mostoles|2024-01-01|0.0|0.0|0|318.48|240.82|6
spain|navalcarnero|2024-01-01|0.0|0.0|0|291.52|306.3|5
spain|paracuellos-de-jarama|2024-01-01|0.0|0.0|0|284.29|267.22|5
spain|parla|2024-01-01|0.0|0.0|0|312.2|240.27|5
spain|pinto|2024-01-01|0.0|0.0|0|301.3|247.82|5
spain|pozuelo-de-alarcon|2024-01-01|0.0|0.0|0|247.49|250.79|5
spain|rivas-vaciamadrid|2024-01-01|0.0|0.0|0|288.97|251.39|4
spain|san-fernando-de-henares|2024-01-01|0.0|0.0|0|326.87|304.84|5
spain|san-sebastian-de-los-reyes|2024-01-01|0.0|0.0|0|262.14|168.73|5
spain|torrejon-de-ardoz|2024-01-01|0.0|0.0|0|301.09|236.3|5
spain|tres-cantos|2024-01-01|0.0|0.0|0|251.21|180.9|5
spain|valdemoro|2024-01-01|0.0|0.0|0|320.75|254.2|5
spain|villaviciosa-de-odon|2024-01-01|0.0|0.0|0|189.31|177.74|5
spain|badajoz|2024-01-01|0.0|0.0|0|232.49|207.57|17
spain|caceres|2024-01-01|0.0|0.0|0|228.95|145.74|16
spain|merida|2024-01-01|0.0|0.0|0|221.58|176.04|16
spain|a-coruna|2024-01-01|0.0|0.0|0|289.14|244.43|14
spain|ferrol|2024-01-01|0.0|0.0|0|304.97|296.64|14
spain|lugo|2024-01-01|0.0|0.0|0|246.48|113.7|23
spain|ourense|2024-01-01|0.0|0.0|0|272.42|223.35|15
spain|pontevedra|2024-01-01|0.0|0.0|0|286.11|228.81|24
spain|santiago-de-compostela|2024-01-01|0.0|0.0|0|272.57|254.52|15
spain|vigo|2024-01-01|64.68|11.61|33|284.14|242.26|15
spain|logrono|2024-01-01|0.0|0.0|0|255.02|171.69|14
spain|melilla|2024-01-01|0.0|0.0|0|203.91|157.31|24
spain|pamplona|2024-01-01|0.0|0.0|0|258.14|199.83|15
spain|cartagena|2024-01-01|0.0|0.0|0|236.6|131.79|8
spain|lorca|2024-01-01|0.0|0.0|0|181.07|101.22|18
spain|molina-de-segura|2024-01-01|0.0|0.0|0|230.89|163.39|15
spain|murcia|2024-01-01|0.0|0.0|0|216.37|134.74|16
spain|san-pedro-del-pinatar|2024-01-01|0.0|0.0|0|178.45|114.9|23
spain|totana|2024-01-01|0.0|0.0|0|167.21|117.13|19
spain|alcoi|2024-01-01|0.0|0.0|0|215.93|107.55|12
spain|aldaia|2024-01-01|0.0|0.0|0|260.68|198.62|5
spain|alicante|2024-01-01|56.32|12.94|31|244.92|158.53|12
spain|alzira|2024-01-01|0.0|0.0|0|243.42|101.26|17
spain|benicarlo|2024-01-01|0.0|0.0|0|210.6|144.32|13
spain|benidorm|2024-01-01|0.0|0.0|0|111.64|98.19|16
spain|burjassot|2024-01-01|0.0|0.0|0|234.9|102.61|16
spain|calp|2024-01-01|0.0|0.0|0|125.35|108.8|10
spain|castellon-de-la-plana|2024-01-01|0.0|0.0|0|233.76|108.32|10
spain|catarroja|2024-01-01|0.0|0.0|0|271.96|148.03|12
spain|ciudad-quesada|2024-01-01|0.0|0.0|0|173.14|153.53|4
spain|crevillent|2024-01-01|0.0|0.0|0|256.34|195.7|9
spain|el-campello|2024-01-01|0.0|0.0|0|191.41|163.6|11
spain|elda|2024-01-01|0.0|0.0|0|221.44|134.35|7
spain|elx|2024-01-01|0.0|0.0|0|271.86|158.28|13
spain|gandia|2024-01-01|0.0|0.0|0|249.1|108.07|15
spain|los-dolses|2024-01-01|0.0|0.0|0|94.56|93.37|19
spain|mislata|2024-01-01|0.0|0.0|0|254.57|100.58|14
spain|ontinyent|2024-01-01|0.0|0.0|0|163.77|99.44|14
spain|port-de-sagunt|2024-01-01|0.0|0.0|0|264.66|106.67|14
spain|sant-joan-d%27alacant|2024-01-01|0.0|0.0|0|278.56|242.95|12
spain|sant-vicent-del-raspeig|2024-01-01|0.0|0.0|0|229.32|170.75|11
spain|torrent|2024-01-01|0.0|0.0|0|244.51|108.59|14
spain|torrevieja|2024-01-01|0.0|0.0|0|169.65|132.96|8
spain|valencia|2024-01-01|70.62|15.49|30|233.07|113.19|11
spain|vila-real|2024-01-01|0.0|0.0|0|219.4|105.6|11
spain|xabia|2024-01-01|0.0|0.0|0|162.82|124.01|13
sri-lanka|central-province|2024-01-01|16.79|5.72|23|23.13|8.41|14
sri-lanka|eastern-province|2024-01-01|20.61|5.44|27|19.22|5.17|24
sri-lanka|north-central-province|2024-01-01|22.15|5.85|25|36.59|36.32|18
sri-lanka|north-western-province|2024-01-01|22.43|6.57|21|44.65|45.33|8
sri-lanka|northern-province|2024-01-01|20.91|5.68|26|39.33|37.64|14
sri-lanka|sabaragamuwa-province|2024-01-01|15.89|5.44|22|14.68|3.22|22
sri-lanka|southern-province|2024-01-01|18.91|6.51|23|44.59|44.55|8
sri-lanka|uva-province|2024-01-01|16.72|5.8|24|13.46|3.22|24
sri-lanka|western-province|2024-01-01|28.46|10.38|19|38.92|36.74|7
sri-lanka|kandy|2024-01-01|22.21|9.75|22|32.03|30.7|9
sri-lanka|anuradhapura|2024-01-01|0.0|0.0|0|40.49|40.92|13
sri-lanka|kurunegala|2024-01-01|22.43|11.92|19|43.67|47.78|7
sri-lanka|jaffna|2024-01-01|0.0|0.0|0|46.38|48.63|14
sri-lanka|ganthuna|2024-01-01|0.0|0.0|0|14.27|2.14|29
sri-lanka|ilwana|2024-01-01|0.0|0.0|0|12.46|2.65|23
sri-lanka|ruwanwella|2024-01-01|0.0|0.0|0|5.68|2.28|25
sri-lanka|undugoda|2024-01-01|0.0|0.0|0|12.98|2.84|22
sri-lanka|galle|2024-01-01|0.0|0.0|0|22.17|15.92|10
sri-lanka|matara|2024-01-01|0.0|0.0|0|39.87|41.04|7
sri-lanka|boralesgamuwa|2024-01-01|0.0|0.0|0|31.11|27.65|8
sri-lanka|colombo|2024-01-01|45.35|16.86|17|18.87|5.29|19
sri-lanka|dehiwala-mount-lavinia|2024-01-01|31.34|11.44|18|30.61|24.34|5
sri-lanka|gampaha|2024-01-01|0.0|0.0|0|68.04|73.51|8
sri-lanka|gonawala|2024-01-01|0.0|0.0|0|42.23|39.91|6
sri-lanka|homagama|2024-01-01|0.0|0.0|0|50.23|53.12|6
sri-lanka|horana|2024-01-01|0.0|0.0|0|54.48|55.43|7
sri-lanka|ja-ela|2024-01-01|0.0|0.0|0|23.76|14.39|9
sri-lanka|maharagama|2024-01-01|27.12|9.23|19|17.97|5.67|18
sri-lanka|malabe|2024-01-01|28.55|8.73|18|49.96|49.51|5
sri-lanka|moratuwa|2024-01-01|30.39|9.85|19|21.68|7.11|16
sri-lanka|negombo|2024-01-01|34.82|12.02|19|37.22|37.78|7
sri-lanka|nugegoda|2024-01-01|43.45|13.79|18|41.37|37.64|7
sri-lanka|panadura|2024-01-01|0.0|0.0|0|31.93|27.43|13
sri-lanka|pannipitiya|2024-01-01|22.4|7.04|20|29.43|18.3|8
sri-lanka|piliyandala|2024-01-01|20.25|8.65|20|24.4|9.12|13
sri-lanka|ragama|2024-01-01|0.0|0.0|0|30.49|32.31|6
sri-lanka|ruhunupura|2024-01-01|0.0|0.0|0|69.0|68.04|4
sri-lanka|seethawakapura|2024-01-01|0.0|0.0|0|75.92|82.55|5
sri-lanka|sri-jayawardenepura-kotte|2024-01-01|29.78|12.47|18|20.08|5.26|22
sri-lanka|wadduwa|2024-01-01|0.0|0.0|0|19.1|19.23|7
sri-lanka|wattala|2024-01-01|22.12|8.33|20|18.48|4.89|20
sudan|khartoum|2024-01-01|7.12|3.19|35|7.77|7.82|45
sudan|khartoum|2024-01-01|10.7|3.19|32|7.96|8.15|43
suriname|paramaribo-district|2024-01-01|54.34|22.57|18|12.26|5.99|24
suriname|wanica|2024-01-01|0.0|0.0|0|11.62|5.88|10
suriname|paramaribo|2024-01-01|54.34|22.57|18|12.29|5.99|24
swaziland|hhohho|2024-01-01|0.0|0.0|0|11.72|7.81|29
swaziland|manzini|2024-01-01|0.0|0.0|0|9.81|4.85|29
swaziland|mbabane|2024-01-01|0.0|0.0|0|9.37|7.12|32
sweden|blekinge-county|2024-01-01|0.0|0.0|0|109.89|94.05|7
sweden|dalarna-county|2024-01-01|87.55|16.59|28|104.6|93.86|9
sweden|gavleborg-county|2024-01-01|0.0|0.0|0|120.04|96.52|6
sweden|gotland-county|2024-01-01|0.0|0.0|0|107.31|107.15|7
sweden|halland-county|2024-01-01|74.16|10.95|26|135.64|94.8|6
sweden|jamtland-county|2024-01-01|0.0|0.0|0|123.95|104.48|10
sweden|jonkoping-county|2024-01-01|97.6|14.98|26|106.28|94.78|12
sweden|kalmar-county|2024-01-01|0.0|0.0|0|175.76|142.19|10
sweden|kronoberg-county|2024-01-01|0.0|0.0|0|105.73|104.09|8
sweden|norrbotten-county|2024-01-01|0.0|0.0|0|130.86|96.73|16
sweden|skane-county|2024-01-01|103.35|15.45|21|178.88|104.12|5
sweden|stockholm-county|2024-01-01|136.08|23.52|18|182.56|107.55|4
sweden|sodermanland-county|2024-01-01|69.56|15.7|22|180.93|126.36|5
sweden|uppsala-county|2024-01-01|105.71|17.11|20|166.56|109.31|5
sweden|varmland-county|2024-01-01|0.0|0.0|0|133.94|94.34|11
sweden|vasterbotten-county|2024-01-01|0.0|0.0|0|99.63|94.87|11
sweden|vasternorrland-county|2024-01-01|0.0|0.0|0|109.19|97.18|8
sweden|vastmanland-county|2024-01-01|110.37|17.57|21|135.94|95.98|6
sweden|vastra-gotaland-county|2024-01-01|115.7|18.14|26|162.96|101.54|6
sweden|orebro-county|2024-01-01|62.01|12.99|26|140.33|104.76|7
sweden|ostergotland-county|2024-01-01|106.81|20.62|22|157.96|105.9|7
sweden|karlskrona|2024-01-01|0.0|0.0|0|142.21|90.1|8
sweden|borlange|2024-01-01|0.0|0.0|0|110.99|89.46|8
sweden|falun|2024-01-01|0.0|0.0|0|98.46|94.43|8
sweden|gavle|2024-01-01|0.0|0.0|0|181.31|96.72|6
sweden|sandviken|2024-01-01|0.0|0.0|0|111.83|105.49|4
sweden|visby|2024-01-01|0.0|0.0|0|105.4|106.31|7
sweden|falkenberg|2024-01-01|0.0|0.0|0|196.26|160.88|7
sweden|halmstad|2024-01-01|0.0|0.0|0|101.71|93.72|7
sweden|kungsbacka|2024-01-01|0.0|0.0|0|229.55|89.72|6
sweden|varberg|2024-01-01|0.0|0.0|0|104.47|93.69|5
sweden|ostersund|2024-01-01|0.0|0.0|0|176.7|116.55|9
sweden|jonkoping|2024-01-01|0.0|0.0|0|114.42|106.64|12
sweden|varnamo|2024-01-01|0.0|0.0|0|100.57|91.49|15
sweden|kalmar|2024-01-01|0.0|0.0|0|184.15|158.98|8
sweden|vaxjo|2024-01-01|0.0|0.0|0|105.45|105.59|8
sweden|lulea|2024-01-01|0.0|0.0|0|134.68|105.78|14
sweden|pitea|2024-01-01|0.0|0.0|0|97.04|95.06|13
sweden|helsingborg|2024-01-01|0.0|0.0|0|155.62|80.22|7
sweden|hassleholm|2024-01-01|0.0|0.0|0|156.01|38.15|19
sweden|kristianstad|2024-01-01|0.0|0.0|0|158.71|125.88|6
sweden|landskrona|2024-01-01|0.0|0.0|0|146.97|105.08|5
sweden|lund|2024-01-01|0.0|0.0|0|173.1|96.06|5
sweden|malmo|2024-01-01|138.95|22.1|18|207.21|129.78|4
sweden|staffanstorp|2024-01-01|0.0|0.0|0|155.09|105.14|4
sweden|angelholm|2024-01-01|0.0|0.0|0|98.71|91.6|5
sweden|boo|2024-01-01|0.0|0.0|0|204.11|125.07|4
sweden|botkyrka|2024-01-01|0.0|0.0|0|203.32|105.96|5
sweden|huddinge|2024-01-01|0.0|0.0|0|206.46|108.27|4
sweden|lidingo|2024-01-01|0.0|0.0|0|145.53|89.46|4
sweden|marsta|2024-01-01|0.0|0.0|0|200.71|117.99|4
sweden|norrtalje|2024-01-01|0.0|0.0|0|167.29|162.27|6
sweden|sollentuna|2024-01-01|0.0|0.0|0|152.09|108.4|3
sweden|solna|2024-01-01|0.0|0.0|0|176.54|106.89|4
sweden|stockholm|2024-01-01|190.59|32.04|15|169.92|103.09|5
sweden|sundbyberg|2024-01-01|0.0|0.0|0|194.01|85.87|4
sweden|sodertalje|2024-01-01|0.0|0.0|0|105.74|102.98|3
sweden|taby|2024-01-01|0.0|0.0|0|199.22|155.03|4
sweden|upplands-vasby|2024-01-01|0.0|0.0|0|209.4|52.09|8
sweden|vallentuna|2024-01-01|0.0|0.0|0|162.32|137.82|4
sweden|akersberga|2024-01-01|0.0|0.0|0|107.4|69.79|5
sweden|eskilstuna|2024-01-01|0.0|0.0|0|205.35|109.9|5
sweden|katrineholm|2024-01-01|0.0|0.0|0|123.93|130.09|7
sweden|nykoping|2024-01-01|0.0|0.0|0|173.45|96.1|6
sweden|strangnas|2024-01-01|0.0|0.0|0|94.88|93.99|7
sweden|uppsala|2024-01-01|0.0|0.0|0|173.24|105.2|5
sweden|karlstad|2024-01-01|0.0|0.0|0|150.8|94.56|10
sweden|skelleftea|2024-01-01|0.0|0.0|0|96.16|94.9|13
sweden|umea|2024-01-01|0.0|0.0|0|104.38|96.94|9
sweden|sundsvall|2024-01-01|0.0|0.0|0|164.9|104.48|6
sweden|ornskoldsvik|2024-01-01|0.0|0.0|0|93.34|89.43|10
sweden|vasteras|2024-01-01|0.0|0.0|0|145.25|94.63|5
sweden|alingsas|2024-01-01|0.0|0.0|0|202.63|204.51|4
sweden|boras|2024-01-01|0.0|0.0|0|159.43|94.27|6
sweden|gothenburg|2024-01-01|161.46|25.62|23|158.64|94.89|5
sweden|kungalv|2024-01-01|0.0|0.0|0|149.26|101.51|5
sweden|molndal|2024-01-01|0.0|0.0|0|190.68|117.34|4
sweden|skovde|2024-01-01|0.0|0.0|0|187.84|92.31|7
sweden|trollhattan|2024-01-01|0.0|0.0|0|217.72|106.26|5
sweden|uddevalla|2024-01-01|0.0|0.0|0|162.16|96.24|9
sweden|karlskoga|2024-01-01|0.0|0.0|0|154.46|103.86|7
sweden|orebro|2024-01-01|0.0|0.0|0|168.14|105.37|7
sweden|linkoping|2024-01-01|0.0|0.0|0|151.76|94.95|7
sweden|motala|2024-01-01|0.0|0.0|0|138.36|98.18|8
sweden|norrkoping|2024-01-01|0.0|0.0|0|216.29|145.71|6
switzerland|aargau|2024-01-01|105.22|21.4|19|208.35|75.5|9
switzerland|appenzell-innerrhoden|2024-01-01|0.0|0.0|0|108.35|64.4|7
switzerland|appenzell-outer-rhodes|2024-01-01|0.0|0.0|0|175.53|104.58|6
switzerland|basel-landschaft|2024-01-01|108.19|22.99|18|165.9|57.87|8
switzerland|basel-stadt|2024-01-01|96.8|28.52|17|236.05|121.48|6
switzerland|canton-of-bern|2024-01-01|101.53|21.14|19|169.82|79.44|9
switzerland|canton-of-fribourg|2024-01-01|66.98|14.96|20|203.07|79.29|9
switzerland|canton-of-glarus|2024-01-01|0.0|0.0|0|166.16|78.11|9
switzerland|canton-of-jura|2024-01-01|0.0|0.0|0|174.23|83.9|10
switzerland|canton-of-neuchatel|2024-01-01|96.12|19.17|18|250.53|76.84|14
switzerland|canton-of-obwalden|2024-01-01|0.0|0.0|0|114.5|68.38|9
switzerland|canton-of-schaffhausen|2024-01-01|109.06|18.55|18|168.22|93.92|8
switzerland|canton-of-schwyz|2024-01-01|84.49|19.91|19|190.74|84.13|8
switzerland|canton-of-solothurn|2024-01-01|101.48|21.71|18|179.3|76.16|9
switzerland|canton-of-uri|2024-01-01|0.0|0.0|0|209.02|91.31|7
switzerland|canton-of-zug|2024-01-01|60.29|16.88|20|213.83|78.59|9
switzerland|geneva|2024-01-01|93.93|25.44|18|223.5|122.08|5
switzerland|grisons|2024-01-01|74.52|14.48|23|102.18|60.57|10
switzerland|lucerne|2024-01-01|76.06|17.64|19|185.88|92.36|7
switzerland|nidwalden|2024-01-01|0.0|0.0|0|119.72|72.34|8
switzerland|st.-gallen|2024-01-01|93.21|19.87|19|191.47|95.13|7
switzerland|thurgau|2024-01-01|102.4|18.66|19|173.56|89.39|7
switzerland|ticino|2024-01-01|99.22|20.68|21|147.55|84.07|10
switzerland|valais|2024-01-01|56.55|14.74|22|107.57|67.16|7
switzerland|vaud|2024-01-01|67.83|20.29|19|203.31|93.75|6
switzerland|zurich|2024-01-01|112.79|24.7|18|237.87|98.28|6
switzerland|aarau|2024-01-01|0.0|0.0|0|159.44|81.69|8
switzerland|baden|2024-01-01|0.0|0.0|0|267.57|122.16|5
switzerland|full-reuenthal|2024-01-01|0.0|0.0|0|74.52|33.27|14
switzerland|granichen|2024-01-01|0.0|0.0|0|192.04|72.38|7
switzerland|lenzburg|2024-01-01|0.0|0.0|0|277.07|109.14|6
switzerland|oftringen|2024-01-01|0.0|0.0|0|216.45|80.33|8
switzerland|sins|2024-01-01|0.0|0.0|0|218.73|105.34|7
switzerland|spreitenbach|2024-01-01|0.0|0.0|0|104.77|39.18|7
switzerland|suhr|2024-01-01|0.0|0.0|0|175.22|86.97|8
switzerland|wettingen|2024-01-01|0.0|0.0|0|269.57|69.59|12
switzerland|windisch|2024-01-01|0.0|0.0|0|248.94|77.82|11
switzerland|wohlen|2024-01-01|0.0|0.0|0|239.42|82.75|11
switzerland|zofingen|2024-01-01|0.0|0.0|0|214.34|78.54|8
switzerland|herisau|2024-01-01|0.0|0.0|0|244.12|120.23|6
switzerland|allschwil|2024-01-01|0.0|0.0|0|212.27|93.83|9
switzerland|arlesheim|2024-01-01|0.0|0.0|0|177.93|92.99|7
switzerland|binningen|2024-01-01|0.0|0.0|0|111.67|48.64|11
switzerland|liestal|2024-01-01|0.0|0.0|0|143.48|48.17|11
switzerland|muttenz|2024-01-01|0.0|0.0|0|161.21|76.52|6
switzerland|munchenstein|2024-01-01|0.0|0.0|0|161.57|92.12|5
switzerland|oberwil|2024-01-01|0.0|0.0|0|120.99|44.62|10
switzerland|pratteln|2024-01-01|0.0|0.0|0|203.95|62.38|6
switzerland|reinach|2024-01-01|0.0|0.0|0|128.93|48.88|10
switzerland|therwil|2024-01-01|0.0|0.0|0|108.84|47.76|9
switzerland|basel|2024-01-01|98.99|29.67|17|236.16|123.04|5
switzerland|riehen|2024-01-01|0.0|0.0|0|262.04|107.63|6
switzerland|belp|2024-01-01|0.0|0.0|0|202.32|51.36|11
switzerland|bern|2024-01-01|137.23|27.75|18|203.47|100.5|7
switzerland|bielbienne|2024-01-01|99.42|26.63|18|202.99|91.94|8
switzerland|bolligen|2024-01-01|0.0|0.0|0|141.99|68.0|8
switzerland|boltigen|2024-01-01|0.0|0.0|0|110.45|68.47|7
switzerland|burgdorf|2024-01-01|0.0|0.0|0|193.04|119.69|8
switzerland|interlaken|2024-01-01|0.0|0.0|0|103.61|24.64|12
switzerland|koniz|2024-01-01|0.0|0.0|0|265.12|103.2|7
switzerland|langenthal|2024-01-01|0.0|0.0|0|183.16|89.08|8
switzerland|lyss|2024-01-01|0.0|0.0|0|152.41|107.0|8
switzerland|muri-bei-bern|2024-01-01|0.0|0.0|0|206.95|127.08|7
switzerland|munchenbuchsee|2024-01-01|0.0|0.0|0|108.4|51.07|9
switzerland|ostermundigen|2024-01-01|0.0|0.0|0|229.51|82.03|9
switzerland|saanen|2024-01-01|0.0|0.0|0|123.25|52.86|9
switzerland|thun|2024-01-01|0.0|0.0|0|265.87|75.94|11
switzerland|zollikofen|2024-01-01|0.0|0.0|0|183.99|84.09|7
switzerland|bulle|2024-01-01|0.0|0.0|0|211.99|74.4|8
switzerland|chatel-saint-denis|2024-01-01|0.0|0.0|0|172.96|87.38|6
switzerland|dudingen|2024-01-01|0.0|0.0|0|243.39|61.49|13
switzerland|fribourg|2024-01-01|40.21|17.97|19|262.77|98.32|8
switzerland|plaffeien|2024-01-01|0.0|0.0|0|113.14|61.86|8
switzerland|val-de-charmey|2024-01-01|0.0|0.0|0|128.92|80.76|7
switzerland|la-chaux-de-fonds|2024-01-01|0.0|0.0|0|220.4|83.13|12
switzerland|neuchatel|2024-01-01|0.0|0.0|0|306.24|78.62|15
switzerland|schaffhausen|2024-01-01|0.0|0.0|0|188.2|95.62|8
switzerland|arth|2024-01-01|0.0|0.0|0|276.03|81.79|9
switzerland|freienbach|2024-01-01|0.0|0.0|0|105.98|71.12|6
switzerland|kussnacht|2024-01-01|0.0|0.0|0|214.68|72.5|8
switzerland|schwyz|2024-01-01|0.0|0.0|0|173.46|73.99|8
switzerland|grenchen|2024-01-01|0.0|0.0|0|139.89|49.96|14
switzerland|olten|2024-01-01|0.0|0.0|0|180.89|84.02|7
switzerland|solothurn|2024-01-01|0.0|0.0|0|233.53|185.63|7
switzerland|baar|2024-01-01|0.0|0.0|0|181.37|70.86|7
switzerland|cham|2024-01-01|0.0|0.0|0|230.47|76.36|9
switzerland|hunenberg|2024-01-01|0.0|0.0|0|200.86|66.68|9
switzerland|menzingen|2024-01-01|0.0|0.0|0|229.92|77.92|9
switzerland|risch-rotkreuz|2024-01-01|0.0|0.0|0|144.41|82.4|8
switzerland|steinhausen|2024-01-01|0.0|0.0|0|207.83|76.33|8
switzerland|unterageri|2024-01-01|0.0|0.0|0|220.44|71.03|10
switzerland|zug|2024-01-01|0.0|0.0|0|249.62|92.47|8
switzerland|carouge|2024-01-01|0.0|0.0|0|287.5|234.81|4
switzerland|cologny|2024-01-01|0.0|0.0|0|110.38|92.75|4
switzerland|geneva|2024-01-01|95.61|29.72|17|249.85|146.25|5
switzerland|grand-saconnex|2024-01-01|0.0|0.0|0|111.43|74.09|7
switzerland|lancy|2024-01-01|0.0|0.0|0|321.88|145.47|6
switzerland|meyrin|2024-01-01|0.0|0.0|0|185.71|111.25|6
switzerland|onex|2024-01-01|0.0|0.0|0|368.67|134.92|6
switzerland|vernier|2024-01-01|0.0|0.0|0|318.51|218.06|5
switzerland|chur|2024-01-01|0.0|0.0|0|121.55|83.04|8
switzerland|davos|2024-01-01|0.0|0.0|0|101.42|61.36|10
switzerland|ebikon|2024-01-01|0.0|0.0|0|267.13|105.22|5
switzerland|emmen|2024-01-01|0.0|0.0|0|246.94|116.41|6
switzerland|horw|2024-01-01|0.0|0.0|0|107.94|61.32|11
switzerland|kriens|2024-01-01|0.0|0.0|0|242.78|103.73|6
switzerland|lucerne|2024-01-01|86.15|20.49|18|220.19|118.11|5
switzerland|buchs|2024-01-01|0.0|0.0|0|104.4|76.63|7
switzerland|gossau|2024-01-01|0.0|0.0|0|270.26|118.44|6
switzerland|grabs|2024-01-01|0.0|0.0|0|157.75|95.85|6
switzerland|rapperswil-jona|2024-01-01|0.0|0.0|0|201.3|83.64|9
switzerland|saint-gallen|2024-01-01|115.29|25.52|18|212.42|130.64|6
switzerland|sevelen|2024-01-01|0.0|0.0|0|188.5|86.59|6
switzerland|uzwil|2024-01-01|0.0|0.0|0|243.78|199.05|5
switzerland|waldkirch|2024-01-01|0.0|0.0|0|177.42|108.35|5
switzerland|wil|2024-01-01|0.0|0.0|0|215.68|109.99|6
switzerland|amriswil|2024-01-01|0.0|0.0|0|151.03|71.32|7
switzerland|frauenfeld|2024-01-01|0.0|0.0|0|252.82|206.96|5
switzerland|kreuzlingen|2024-01-01|0.0|0.0|0|212.52|75.7|10
switzerland|bellinzona|2024-01-01|0.0|0.0|0|241.26|116.7|9
switzerland|capriasca|2024-01-01|0.0|0.0|0|109.98|88.78|10
switzerland|gambarogno|2024-01-01|0.0|0.0|0|108.79|79.31|9
switzerland|locarno|2024-01-01|0.0|0.0|0|146.31|76.48|13
switzerland|lugano|2024-01-01|102.14|22.97|20|159.27|93.7|9
switzerland|martigny|2024-01-01|0.0|0.0|0|207.16|88.67|7
switzerland|sierre|2024-01-01|0.0|0.0|0|94.95|94.86|5
switzerland|sion|2024-01-01|0.0|0.0|0|201.42|146.21|6
switzerland|zermatt|2024-01-01|0.0|0.0|0|97.47|39.6|18
switzerland|blonay-saint-legier|2024-01-01|0.0|0.0|0|157.08|85.1|6
switzerland|bourg-en-lavaux|2024-01-01|0.0|0.0|0|308.38|148.62|5
switzerland|bussigny-pres-lausanne|2024-01-01|0.0|0.0|0|160.88|75.86|6
switzerland|ecublens|2024-01-01|0.0|0.0|0|285.29|94.88|11
switzerland|forel|2024-01-01|0.0|0.0|0|442.67|330.75|4
switzerland|lausanne|2024-01-01|72.29|28.32|18|195.4|110.52|5
switzerland|le-mont-sur-lausanne|2024-01-01|0.0|0.0|0|117.03|67.24|6
switzerland|lutry|2024-01-01|0.0|0.0|0|200.84|77.19|6
switzerland|montreux|2024-01-01|0.0|0.0|0|191.89|95.63|5
switzerland|morges|2024-01-01|0.0|0.0|0|240.94|77.18|14
switzerland|nyon|2024-01-01|0.0|0.0|0|160.69|90.16|6
switzerland|ollon|2024-01-01|0.0|0.0|0|106.75|56.5|6
switzerland|prilly|2024-01-01|0.0|0.0|0|136.63|83.74|6
switzerland|puidoux|2024-01-01|0.0|0.0|0|407.66|276.25|5
switzerland|pully|2024-01-01|0.0|0.0|0|171.98|89.11|7
switzerland|renens|2024-01-01|0.0|0.0|0|217.94|82.62|11
switzerland|vevey|2024-01-01|0.0|0.0|0|187.22|68.9|8
switzerland|yverdon-les-bains|2024-01-01|0.0|0.0|0|278.44|108.33|6
switzerland|epalinges|2024-01-01|0.0|0.0|0|106.12|53.4|6
switzerland|adliswil|2024-01-01|0.0|0.0|0|271.92|90.59|9
switzerland|affoltern-am-albis|2024-01-01|0.0|0.0|0|185.16|85.68|7
switzerland|bassersdorf|2024-01-01|0.0|0.0|0|243.83|93.57|6
switzerland|bulach|2024-01-01|0.0|0.0|0|269.01|73.06|12
switzerland|dietikon|2024-01-01|204.43|33.59|16|194.48|64.71|9
switzerland|dubendorf|2024-01-01|0.0|0.0|0|189.12|125.02|4
switzerland|effretikon|2024-01-01|0.0|0.0|0|207.48|76.25|8
switzerland|egg|2024-01-01|0.0|0.0|0|200.83|50.62|10
switzerland|embrach|2024-01-01|0.0|0.0|0|286.57|76.47|11
switzerland|erlenbach|2024-01-01|0.0|0.0|0|229.44|96.86|6
switzerland|fallanden|2024-01-01|0.0|0.0|0|177.97|51.1|9
switzerland|herrliberg|2024-01-01|0.0|0.0|0|109.32|80.15|6
switzerland|horgen|2024-01-01|0.0|0.0|0|148.59|63.27|9
switzerland|horgen|2024-01-01|0.0|0.0|0|148.59|63.27|9
switzerland|kilchberg|2024-01-01|0.0|0.0|0|309.12|89.15|9
switzerland|kloten|2024-01-01|194.79|25.96|17|182.38|117.36|4
switzerland|kusnacht|2024-01-01|0.0|0.0|0|207.39|83.6|6
switzerland|langnau-am-albis|2024-01-01|0.0|0.0|0|313.16|119.02|5
switzerland|lindau|2024-01-01|0.0|0.0|0|315.77|178.79|4
switzerland|maur|2024-01-01|0.0|0.0|0|125.13|50.76|10
switzerland|meilen|2024-01-01|0.0|0.0|0|170.66|81.59|7
switzerland|mannedorf|2024-01-01|0.0|0.0|0|278.2|63.37|9
switzerland|niederhasli|2024-01-01|0.0|0.0|0|242.56|77.61|8
switzerland|oberengstringen|2024-01-01|0.0|0.0|0|242.59|77.2|8
switzerland|opfikon|2024-01-01|0.0|0.0|0|217.16|94.02|6
switzerland|regensdorf|2024-01-01|0.0|0.0|0|263.63|85.08|7
switzerland|richterswil|2024-01-01|0.0|0.0|0|219.09|90.52|9
switzerland|rumlang|2024-01-01|0.0|0.0|0|248.01|99.03|5
switzerland|ruschlikon|2024-01-01|0.0|0.0|0|287.41|68.06|10
switzerland|schlieren|2024-01-01|0.0|0.0|0|237.94|118.94|5
switzerland|stadel-bei-niederglatt|2024-01-01|0.0|0.0|0|91.22|78.06|8
switzerland|stallikon|2024-01-01|0.0|0.0|0|299.89|80.94|9
switzerland|stafa|2024-01-01|0.0|0.0|0|233.26|62.93|10
switzerland|thalwil|2024-01-01|0.0|0.0|0|321.6|117.79|5
switzerland|urdorf|2024-01-01|0.0|0.0|0|188.48|69.68|8
switzerland|uster|2024-01-01|0.0|0.0|0|263.92|109.33|5
switzerland|volketswil|2024-01-01|0.0|0.0|0|234.9|89.13|8
switzerland|wallisellen|2024-01-01|0.0|0.0|0|257.83|152.68|4
switzerland|wangen-bruttisellen|2024-01-01|0.0|0.0|0|267.58|120.0|4
switzerland|wetzikon|2024-01-01|0.0|0.0|0|263.42|87.52|8
switzerland|winterthur|2024-01-01|125.11|25.59|17|290.33|162.18|5
switzerland|wadenswil|2024-01-01|0.0|0.0|0|428.61|229.31|5
switzerland|zollikon|2024-01-01|0.0|0.0|0|161.64|81.96|5
switzerland|zumikon|2024-01-01|0.0|0.0|0|185.12|51.32|7
switzerland|zurich|2024-01-01|128.48|30.24|16|237.38|111.98|5
syria|al-hasakah-governorate|2024-01-01|6.13|2.07|28|9.55|15.44|25
syria|aleppo-governorate|2024-01-01|11.15|3.2|31|4.44|13.11|13
syria|damascus-governorate|2024-01-01|16.35|3.36|24|2.6|0.56|30
syria|hama-governorate|2024-01-01|12.34|3.02|38|0.0|0.0|0
syria|homs-governorate|2024-01-01|14.85|2.54|34|0.0|0.0|0
syria|idlib-governorate|2024-01-01|0.0|0.0|0|3.13|8.4|17
syria|latakia-governorate|2024-01-01|16.12|3.89|33|0.0|0.0|0
syria|a%27zaz|2024-01-01|0.0|0.0|0|7.29|18.53|8
syria|afrin|2024-01-01|0.0|0.0|0|2.73|31.38|7
syria|al-bab|2024-01-01|0.0|0.0|0|7.18|18.48|4
syria|aleppo|2024-01-01|17.19|3.12|33|1.08|4.95|66
syria|manbij|2024-01-01|6.13|3.2|30|0.0|0.0|0
syria|marea|2024-01-01|0.0|0.0|0|3.17|10.08|10
syria|alslamh|2024-01-01|0.0|0.0|0|3.4|12.94|13
syria|damascus|2024-01-01|18.26|3.36|24|2.68|0.55|30
syria|homs|2024-01-01|16.34|2.58|30|0.0|0.0|0
syria|ad-dana|2024-01-01|0.0|0.0|0|3.71|7.88|13
syria|idlib|2024-01-01|0.0|0.0|0|2.99|7.69|14
syria|salqin|2024-01-01|0.0|0.0|0|4.86|9.98|13
syria|sarmada|2024-01-01|0.0|0.0|0|4.79|8.43|21
syria|latakia|2024-01-01|17.59|4.38|33|0.0|0.0|0
